GEOID,coverage_gap_score
40001376600,0.077731
40001376700,0.065461
40001376800,0.146154
40001376900,0.20216
40001377000,0.147297
40003955600,0.166772
40003955700,0.184774
40003956000,0.14927
40005587600,0.089911
40005587700,0.176957
40005587800,0.214069
40005587900,0.017254
40009966100,0.182265
40009966200,0.217812
40009966800,0.138414
40011958600,0.223228
40011958700,0.235497
40011958800,0.18895
40011958900,0.2282
40011959000,0.254479
40013795600,0.136397
40013795700,0.082438
40013795900,0.036553
40013796002,0.104777
40013796003,0.128662
40013796004,0.330641
40013796101,0.140399
40013796102,0.141406
40013796200,0.14519
40013796300,0.12248
40013796400,0.098332
40013796500,0.101683
40013796600,0.127304
40015161601,0.168396
40015161602,0.20253
40015161700,0.111053
40015161800,0.09701
40015161900,0.0457
40015162000,0.253994
40015162101,0.272567
40015162102,0.252699
40015162200,0.114113
40015162300,0.131117
40017300100,0.254676
40017300201,0.144227
40017300202,0.187601
40017300300,0.317928
40017300400,0.427757
40017300500,0.30905
40017300600,0.25378
40017300701,0.189233
40017300702,0.157645
40017300802,0.338619
40017300803,0.201475
40017300804,0.322391
40017300805,0.192127
40017300806,0.166081
40017300901,0.195717
40017300902,0.225981
40017300904,0.116492
40017300905,0.093566
40017301001,0.101899
40017301003,0.250034
40017301006,0.072749
40017301010,0.263403
40017301011,0.153133
40017301012,0.053744
40017301013,0.034738
40017301014,0.087315
40017301015,0.085476
40017301100,0.116749
40017301201,0.301843
40017301202,0.288576
40017301301,0.157409
40017301302,0.222176
40017301406,0.10953
40017301407,0.213718
40017301408,0.142851
40017301409,0.319548
40017301410,0.288958
40019892100,0.126059
40019892200,0.211772
40019892301,0.170578
40019892302,0.191955
40019892400,0.112576
40019892501,0.231378
40019892502,0.119701
40019892601,0.28597
40019892602,0.145335
40019892700,0.177115
40019892801,0.017086
40019892802,0.183106
40019892900,0.043917
40019893001,0.186486
40019893002,0.079945
40019893100,0.05891
40021977600,0.220681
40021977701,0.216786
40021977702,0.231552
40021977801,0.177174
40021977802,0.125241
40021977901,0.315099
40021977902,0.096671
40021978000,0.072486
40021978100,0.242747
40021978201,0.157615
40021978202,0.165767
40021978301,0.200661
40021978302,0.28768
40023966900,0.109817
40023967000,0.103711
40023967100,0.135871
40023967200,0.183062
40023967300,0.14159
40027200100,0.026815
40027200200,0.109114
40027200300,0.01221
40027200400,0.01233
40027200500,0.018658
40027200602,0.063604
40027200603,0.019215
40027200604,0.234841
40027200700,0.246662
40027200800,0.125046
40027200900,0.017263
40027201000,0.034862
40027201102,0.018547
40027201103,0.053826
40027201104,0.144645
40027201201,0.007255
40027201202,0.027864
40027201204,0.006514
40027201205,0.056263
40027201302,0.150198
40027201303,0.044887
40027201403,0.117863
40027201404,0.090833
40027201405,0.044523
40027201505,0.098243
40027201508,0.020176
40027201509,0.02852
40027201511,0.002647
40027201512,0.054339
40027201513,0.153237
40027201514,0.017231
40027201602,0.250024
40027201603,0.142931
40027201604,0.144716
40027201607,0.012439
40027201609,0.033753
40027201610,0.168951
40027201611,0.024469
40027201612,0.114735
40027201700,0.199279
40027201801,0.012399
40027201802,0.012926
40027201902,0.005412
40027201903,0.090749
40027201904,0.069406
40027202002,0.010873
40027202004,0.055713
40027202005,0.020974
40027202006,0.040202
40027202007,0.224443
40027202008,0.004686
40027202102,0.124991
40027202104,0.095948
40027202105,0.198178
40027202106,0.109689
40027202107,0.27054
40027202201,0.206533
40027202203,0.195263
40027202205,0.006049
40027202207,0.163242
40027202208,0.140984
40027202301,0.293462
40027202302,0.033854
40027202403,0.166834
40027202404,0.173281
40027202405,0.063513
40027202406,0.056152
40027202407,0.296027
40027202501,0.167628
40027202502,0.151972
40027202600,0.094682
40029388100,0.116017
40029388200,0.089113
40031000100,0.119838
40031000200,0.094345
40031000300,0.027928
40031000402,0.054038
40031000403,0.003676
40031000404,0.011616
40031000405,0.047276
40031000503,0.001673
40031000504,0.024837
40031000505,0.011383
40031000506,0.04047
40031000600,0.017604
40031000700,0.004207
40031000800,0.018604
40031000900,0.00804
40031001000,0.006972
40031001100,0.00474
40031001400,0.023419
40031001500,0.010796
40031001600,0.009623
40031001700,0.007792
40031001901,0.145061
40031001902,0.210569
40031002001,0.027719
40031002003,0.21552
40031002004,0.154759
40031002005,0.04329
40031002101,0.156967
40031002102,0.142986
40031002201,0.205186
40031002202,0.180983
40031002301,0.112646
40031002302,0.049338
40031002401,0.248114
40031002403,0.254571
40031002405,0.154342
40031002406,0.076061
40031002500,0.049625
40033871100,0.11693
40033871200,0.24435
40035373100,0.110706
40035373200,0.14072
40035373300,0.161755
40035373400,0.232597
40035373500,0.165953
40037020101,0.261738
40037020102,0.215903
40037020103,0.145131
40037020602,0.164545
40037020603,0.19052
40037020604,0.167352
40037020702,0.169962
40037020704,0.188974
40037020705,0.330803
40037020706,0.182331
40037020707,0.219031
40037020800,0.117269
40037020900,0.251264
40037021000,0.144462
40037021101,0.169917
40037021102,0.133432
40037021201,0.155667
40037021202,0.214558
40037021300,0.281308
40037021401,0.194178
40037021402,0.227513
40037021500,0.121568
40037021600,0.407691
40039950800,0.192202
40039960401,0.203672
40039960402,0.166584
40039960600,0.148658
40039960701,0.131047
40039960702,0.296
40039961000,0.086016
40041375601,0.241019
40041375602,0.399965
40041375701,0.233846
40041375702,0.181842
40041375803,0.138483
40041375804,0.311038
40041375805,0.445282
40041375806,0.189689
40041375901,0.28947
40041375902,0.149691
40041376000,0.22662
40041376100,0.209687
40041976200,0.218668
40043959100,0.214662
40043959200,0.201484
40043959300,0.146949
40045952600,0.14706
40045952800,0.226531
40047000101,0.070977
40047000102,0.114416
40047000200,0.306992
40047000601,0.257402
40047000602,0.320802
40047000701,0.00944
40047000702,0.128328
40047001100,0.226712
40047001200,0.109451
40047001301,0.193051
40047001302,0.200511
40047001401,0.289452
40047001402,0.319747
40047001500,0.274633
40047001602,0.121517
40047001603,0.246407
40047001604,0.267026
40049681100,0.165737
40049681200,0.122653
40049681300,0.132114
40049681400,0.141111
40049681500,0.12972
40049681600,0.055491
40049681700,0.097394
40049681800,0.1386
40049681900,0.158128
40051000100,0.270727
40051000400,0.188427
40051000501,0.011184
40051000502,0.154043
40051000600,0.204494
40051000701,0.058539
40051000702,0.128777
40051000801,0.20223
40051000802,0.199694
40051000901,0.166098
40051000902,0.189094
40051000904,0.351867
40051000905,0.156653
40051000906,0.136035
40051001000,0.279519
40053956400,0.306572
40053956500,0.1192
40055967100,0.214085
40055967200,0.161015
40059952100,0.076595
40059952200,0.157631
40061279100,0.067856
40061279200,0.194942
40061279300,0.089064
40061279400,0.112911
40063484600,0.064463
40063484700,0.154775
40063484800,0.164438
40063484900,0.143558
40063485000,0.214579
40065968100,0.084426
40065968200,0.221454
40065968300,0.183013
40065968400,0.199621
40065968500,0.097115
40065968600,0.222107
40065968700,0.326377
40065968800,0.336924
40067371600,0.068317
40067371700,0.118247
40067371800,0.106625
40069660198,0.113229
40069660201,0.214798
40069660202,0.352009
40069660300,0.205825
40071000100,0.015804
40071000201,0.095641
40071000202,0.074771
40071000300,0.04713
40071000400,0.225299
40071000500,0.085083
40071000600,0.170143
40071001100,0.227678
40071001200,0.200265
40071001301,0.321238
40071001302,0.184949
40073958100,0.133371
40073958200,0.126499
40073958300,0.193027
40073958400,0.155778
40075963600,0.087086
40075963700,0.096518
40075964200,0.093332
40077087100,0.083584
40077087200,0.185426
40077087300,0.196318
40079040102,0.194304
40079040198,0.175772
40079040299,0.114847
40079040301,0.13008
40079040302,0.05575
40079040303,0.150676
40079040401,0.178469
40079040402,0.227268
40079040500,0.160373
40079040601,0.184041
40079040602,0.193047
40079040700,0.134742
40081961100,0.170449
40081961200,0.10314
40081961300,0.128549
40081961401,0.140505
40081961402,0.063371
40081961500,0.265291
40081961600,0.154427
40081961700,0.170106
40083600101,0.146601
40083600200,0.218904
40083600300,0.195407
40083600401,0.213792
40083600402,0.031901
40083600501,0.170973
40083600502,0.26515
40083600600,0.187887
40083600700,0.235362
40083600801,0.122888
40083600802,0.157178
40083600903,0.143044
40083601000,0.208336
40085094100,0.223364
40085094200,0.165879
40085094300,0.212693
40087400103,0.155322
40087400104,0.188439
40087400105,0.187453
40087400106,0.210261
40087400201,0.093707
40087400203,0.099448
40087400204,0.178741
40087400300,0.200577
40087400400,0.125026
40089098200,0.068573
40089098300,0.138132
40089098400,0.087776
40089098501,0.204242
40089098502,0.142996
40089098600,0.165804
40089098700,0.090422
40089098800,0.188471
40089098900,0.148894
40091779601,0.201547
40091779602,0.231015
40091779700,0.117162
40091779900,0.198324
40091780100,0.209129
40091780200,0.137628
40091780301,0.074075
40091780302,0.149895
40093955100,0.217627
40093955200,0.09853
40093955300,0.193805
40095094698,0.152907
40095094700,0.194711
40095094803,0.1486
40095094804,0.468962
40095094805,0.242304
40095094806,0.349378
40097040100,0.195086
40097040200,0.157193
40097040300,0.087334
40097040400,0.122357
40097040501,0.168182
40097040502,0.186094
40097040600,0.17494
40097040700,0.141308
40097040801,0.165644
40097040802,0.088751
40099790600,0.055071
40099790701,0.090027
40099790702,0.105053
40099790801,0.226072
40099790802,0.168132
40101000100,0.235473
40101000200,0.233611
40101000300,0.22236
40101000400,0.222377
40101000600,0.119576
40101000700,0.169493
40101000801,0.005566
40101000802,0.129058
40101000901,0.13019
40101000902,0.013696
40101001000,0.197779
40101001100,0.074076
40101001200,0.309712
40101001301,0.153191
40101001302,0.227629
40101001401,0.229092
40101001402,0.111594
40101001501,0.172328
40101001502,0.051421
40101001600,0.223309
40103956600,0.137947
40103956900,0.232521
40103957000,0.229192
40103957100,0.221166
40105172100,0.064383
40105172200,0.089866
40105172300,0.08044
40105172400,0.098314
40107080600,0.112321
40107080700,0.082819
40107080900,0.159694
40107081000,0.143237
40109100100,0.007444
40109100201,0.005615
40109100202,0.198782
40109100203,0.009412
40109100300,0.08847
40109100400,0.005648
40109100500,0.134864
40109100800,0.08052
40109100900,0.022282
40109101000,0.05913
40109101100,0.242079
40109101200,0.181078
40109101300,0.083617
40109101400,0.010335
40109101500,0.038745
40109101800,0.271439
40109101900,0.043644
40109102000,0.041829
40109102100,0.051827
40109102200,0.042941
40109102300,0.013224
40109102400,0.01709
40109102500,0.161074
40109103200,0.114478
40109103300,0.008572
40109103900,0.006616
40109104100,0.003418
40109104200,0.103241
40109104300,0.051595
40109104400,0.010905
40109104500,0.007902
40109104600,0.003052
40109104700,0.032715
40109104800,0.156793
40109104900,0.014771
40109105000,0.011393
40109105101,0.046667
40109105201,0.009262
40109105202,0.030192
40109105300,0.215799
40109105400,0.05013
40109105500,0.013265
40109105600,0.04852
40109105903,0.168489
40109105904,0.087497
40109105905,0.04248
40109105906,0.009521
40109105907,0.037638
40109106000,0.060575
40109106100,0.093719
40109106200,0.090439
40109106301,0.016253
40109106302,0.031727
40109106303,0.007998
40109106401,0.060384
40109106402,0.056803
40109106403,0.008752
40109106501,0.01237
40109106502,0.105245
40109106503,0.033617
40109106601,0.153714
40109106602,0.171796
40109106606,0.047705
40109106607,0.019501
40109106608,0.09298
40109106609,0.126417
40109106610,0.006999
40109106611,0.046879
40109106702,0.006673
40109106704,0.178382
40109106705,0.156433
40109106706,0.017619
40109106708,0.015462
40109106709,0.022786
40109106710,0.019954
40109106801,0.209176
40109106802,0.207525
40109106803,0.199313
40109106804,0.078314
40109106902,0.038166
40109106903,0.133154
40109106906,0.044019
40109106907,0.002539
40109106909,0.032227
40109106910,0.003784
40109106911,0.00293
40109106912,0.010417
40109106913,0.081217
40109106914,0.016276
40109106916,0.044246
40109106917,0.009196
40109107001,0.06025
40109107002,0.128683
40109107101,0.222587
40109107103,0.030355
40109107104,0.172041
40109107206,0.099912
40109107207,0.058444
40109107212,0.155415
40109107213,0.122739
40109107214,0.180733
40109107215,0.027995
40109107216,0.004346
40109107217,0.005769
40109107218,0.005859
40109107219,0.005503
40109107220,0.015625
40109107221,0.017065
40109107222,0.030524
40109107223,0.012288
40109107224,0.074422
40109107225,0.002197
40109107226,0.018599
40109107302,0.099421
40109107303,0.033671
40109107305,0.002751
40109107306,0.032448
40109107401,0.062713
40109107404,0.036621
40109107405,0.098135
40109107406,0.060175
40109107407,0.140525
40109107601,0.086979
40109107604,0.010163
40109107605,0.002207
40109107608,0.004147
40109107703,0.007832
40109107704,0.011494
40109107705,0.011696
40109107706,0.003676
40109107707,0.008762
40109107801,0.007935
40109107804,0.02571
40109107805,0.155793
40109107806,0.038139
40109107807,0.004935
40109107808,0.02336
40109107809,0.005003
40109107810,0.009948
40109107900,0.252347
40109108003,0.017741
40109108005,0.096564
40109108006,0.004892
40109108007,0.010214
40109108008,0.027056
40109108009,0.030762
40109108010,0.025914
40109108011,0.031025
40109108101,0.357616
40109108106,0.206349
40109108107,0.199037
40109108109,0.180331
40109108110,0.223779
40109108113,0.187522
40109108114,0.199995
40109108201,0.124127
40109108203,0.005189
40109108204,0.062272
40109108207,0.121876
40109108208,0.008564
40109108215,0.049834
40109108216,0.025715
40109108217,0.010676
40109108222,0.016134
40109108223,0.021851
40109108224,0.026472
40109108225,0.032389
40109108226,0.0217
40109108227,0.001773
40109108228,0.025511
40109108229,0.015909
40109108230,0.006476
40109108231,0.004964
40109108232,0.008373
40109108233,0.012288
40109108234,0.014201
40109108235,0.011244
40109108236,0.02329
40109108237,0.048557
40109108238,0.037272
40109108301,0.014
40109108302,0.047235
40109108304,0.109234
40109108307,0.006267
40109108309,0.017972
40109108310,0.001611
40109108314,0.025065
40109108317,0.008767
40109108318,0.011517
40109108319,0.06938
40109108320,0.005073
40109108321,0.045816
40109108322,0.029079
40109108323,0.043841
40109108324,0.006104
40109108325,0.016591
40109108326,0.018038
40109108402,0.03866
40109108403,0.015381
40109108404,0.003217
40109108506,0.10428
40109108507,0.147108
40109108508,0.189656
40109108513,0.031576
40109108514,0.101006
40109108515,0.0522
40109108520,0.061043
40109108521,0.20959
40109108523,0.039504
40109108524,0.008947
40109108525,0.016307
40109108526,0.074103
40109108527,0.04975
40109108528,0.002917
40109108529,0.003373
40109108530,0.017909
40109108531,0.037586
40109108532,0.23448
40109108533,0.254632
40109108534,0.052628
40109108535,0.013107
40109108536,0.01652
40109108537,0.007932
40109108538,0.07058
40109108603,0.142277
40109108604,0.041872
40109108701,0.208944
40109108706,0.0456
40109108707,0.010513
40109108708,0.152756
40109108709,0.211417
40109108710,0.038807
40109108711,0.019857
40109108712,0.233616
40109108713,0.265644
40109108802,0.20818
40109108803,0.026123
40109108804,0.061849
40109108805,0.168059
40109108806,0.005792
40109108807,0.014165
40109108900,0.405214
40109109001,0.189618
40109109003,0.150303
40109109004,0.143988
40109109202,0.252222
40109109203,0.293808
40109109204,0.270233
40109109205,0.175412
40109109300,0.169306
40109109400,0.011492
40109109500,0.037303
40109109600,0.019763
40109109700,0.03727
40109109800,0.094809
40109109900,0.024295
40109110000,0.017449
40109980001,0.041751
40109980002,0.19617
40109980003,0.044596
40109980004,0.043915
40109980005,0.014594
40109980006,0.053467
40109980007,0.172615
40109980008,0.031776
40109980009,0.365319
40111000100,0.157498
40111000200,0.179757
40111000300,0.200617
40111000400,0.170268
40111000500,0.235505
40111000601,0.138118
40111000602,0.108302
40111000700,0.06561
40111000800,0.166485
40111000901,0.236418
40111000902,0.249001
40113940001,0.15973
40113940003,0.222034
40113940004,0.164597
40113940005,0.135578
40113940006,0.005044
40113940007,0.25521
40113940008,0.163608
40113940009,0.251148
40113940011,0.216185
40113940012,0.199436
40113940013,0.307984
40113940014,0.420012
40113940015,0.175165
40115574100,0.174561
40115574200,0.299538
40115574300,0.223435
40115574400,0.289003
40115574500,0.343919
40115574600,0.199756
40115574700,0.227951
40115574800,0.166393
40115574900,0.182793
40117957100,0.200222
40117957200,0.188958
40117957300,0.166089
40117957400,0.198596
40117957500,0.172662
40119010101,0.113766
40119010102,0.071847
40119010201,0.029127
40119010202,0.068197
40119010300,0.086341
40119010400,0.149847
40119010501,0.158755
40119010502,0.057497
40119010503,0.108569
40119010600,0.188159
40119010700,0.065844
40119010800,0.230855
40119010901,0.094051
40119010902,0.217384
40119011001,0.173389
40119011002,0.194807
40119011101,0.249011
40119011103,0.246103
40119011104,0.227221
40119011200,0.212451
40119011301,0.150227
40119011302,0.028806
40119011400,0.193798
40121485601,0.363874
40121485602,0.300626
40121485700,0.170529
40121485800,0.142148
40121485900,0.251266
40121486000,0.197689
40121486100,0.093276
40121486200,0.231217
40121486300,0.275475
40121486400,0.185678
40121486500,0.13343
40121486600,0.187623
40121486700,0.135786
40121486800,0.195395
40123088600,0.220163
40123088700,0.15223
40123088801,0.27058
40123088802,0.140686
40123088900,0.225634
40123089000,0.238931
40123089100,0.087518
40123089200,0.057391
40123089300,0.123199
40123089598,0.189198
40123089600,0.224035
40125500200,0.176029
40125500301,0.212931
40125500302,0.303367
40125500400,0.380924
40125500500,0.257211
40125500600,0.366728
40125500700,0.216545
40125500800,0.266826
40125500901,0.160402
40125500902,0.217545
40125501003,0.085187
40125501004,0.235439
40125501005,0.204269
40125501006,0.25274
40125501101,0.156037
40125501103,0.121157
40125501104,0.29212
40125501105,0.273969
40125501201,0.222196
40125501300,0.202292
40127097600,0.145151
40127097701,0.141181
40127097702,0.147327
40127097800,0.11639
40129960000,0.089537
40131050101,0.24587
40131050103,0.349478
40131050104,0.252272
40131050105,0.160051
40131050201,0.266816
40131050202,0.20156
40131050203,0.208263
40131050301,0.194706
40131050302,0.26348
40131050303,0.254018
40131050304,0.210922
40131050403,0.27618
40131050404,0.222804
40131050405,0.203132
40131050406,0.113115
40131050407,0.18425
40131050408,0.24538
40131050409,0.224486
40131050501,0.148577
40131050502,0.160991
40131050601,0.212895
40131050602,0.261521
40131050603,0.275135
40131050604,0.154143
40131050701,0.24946
40131050702,0.210259
40131050801,0.133204
40131050802,0.074448
40133583100,0.140362
40133583200,0.248989
40133583300,0.293166
40133583400,0.203961
40133583500,0.084508
40133583600,0.161195
40133583700,0.203993
40133583800,0.198022
40133583900,0.157255
40135030101,0.093403
40135030103,0.228929
40135030105,0.14982
40135030106,0.226604
40135030201,0.15905
40135030202,0.14905
40135030301,0.179987
40135030303,0.370985
40135030304,0.16151
40135030401,0.205871
40135030403,0.195442
40135030404,0.200364
40137000101,0.030683
40137000102,0.070867
40137000200,0.170087
40137000300,0.178848
40137000400,0.29112
40137000600,0.067214
40137000800,0.148716
40137000901,0.155337
40137000902,0.152975
40137001000,0.053079
40137001100,0.166028
40141070100,0.195181
40141070200,0.116956
40141070300,0.104202
40141070400,0.323095
40141070500,0.135469
40143000200,0.128443
40143000300,0.011718
40143000400,0.005245
40143000500,0.087209
40143000800,0.002319
40143000900,0.003566
40143001000,0.05969
40143001200,0.07148
40143001300,0.031481
40143001400,0.055555
40143001500,0.015888
40143001600,0.120085
40143001700,0.171035
40143001800,0.176276
40143001900,0.217308
40143002000,0.158926
40143002100,0.078659
40143002301,0.140737
40143002500,0.072019
40143002700,0.143805
40143002900,0.216815
40143003000,0.192209
40143003100,0.069434
40143003200,0.036849
40143003300,0.01544
40143003400,0.18604
40143003500,0.160466
40143003600,0.121016
40143003700,0.018593
40143003800,0.028536
40143003900,0.091189
40143004000,0.026693
40143004101,0.025822
40143004200,0.085488
40143004301,0.017178
40143004302,0.011561
40143004400,0.057859
40143004500,0.021128
40143004600,0.103996
40143004700,0.138086
40143004800,0.098459
40143004900,0.161211
40143005001,0.032563
40143005002,0.111764
40143005100,0.050417
40143005200,0.043626
40143005300,0.003072
40143005401,0.080915
40143005403,0.153744
40143005404,0.143858
40143005500,0.193009
40143005600,0.212059
40143005700,0.206662
40143005801,0.026146
40143005805,0.033772
40143005808,0.042859
40143005809,0.019038
40143005810,0.158571
40143005811,0.108069
40143005812,0.00257
40143005813,0.013717
40143005900,0.103941
40143006000,0.091153
40143006200,0.003702
40143006506,0.167744
40143006507,0.211875
40143006600,0.163966
40143006701,0.131476
40143006703,0.025306
40143006708,0.052197
40143006709,0.08186
40143006710,0.068719
40143006711,0.021645
40143006712,0.097262
40143006713,0.087443
40143006801,0.020994
40143006803,0.101873
40143006804,0.106395
40143006901,0.016822
40143006902,0.010764
40143006903,0.017207
40143006905,0.014117
40143006906,0.08182
40143006907,0.021442
40143007000,0.056846
40143007101,0.010433
40143007102,0.024339
40143007200,0.163385
40143007304,0.069587
40143007306,0.032829
40143007308,0.215699
40143007309,0.167477
40143007310,0.056398
40143007311,0.035834
40143007312,0.046972
40143007313,0.073896
40143007314,0.06549
40143007402,0.008235
40143007408,0.023426
40143007409,0.005524
40143007410,0.049017
40143007411,0.036014
40143007412,0.008602
40143007413,0.007314
40143007414,0.026118
40143007415,0.094299
40143007416,0.011237
40143007417,0.127405
40143007503,0.009976
40143007507,0.007523
40143007510,0.019735
40143007511,0.003308
40143007512,0.011635
40143007518,0.005881
40143007519,0.002922
40143007520,0.005546
40143007522,0.037427
40143007523,0.044008
40143007525,0.017141
40143007526,0.041329
40143007527,0.020089
40143007528,0.070051
40143007529,0.011901
40143007530,0.063891
40143007531,0.048158
40143007532,0.009359
40143007533,0.028923
40143007534,0.028464
40143007535,0.096152
40143007536,0.004859
40143007608,0.029104
40143007611,0.038723
40143007612,0.003657
40143007613,0.023017
40143007614,0.056907
40143007615,0.006674
40143007616,0.031192
40143007617,0.010282
40143007619,0.004513
40143007629,0.085507
40143007630,0.160698
40143007631,0.008442
40143007632,0.019604
40143007633,0.047829
40143007634,0.022583
40143007636,0.108344
40143007638,0.045492
40143007639,0.021022
40143007641,0.026213
40143007642,0.034668
40143007643,0.026647
40143007644,0.00718
40143007645,0.007235
40143007646,0.237754
40143007647,0.026074
40143007648,0.056909
40143007649,0.033736
40143007650,0.151674
40143007651,0.256353
40143007652,0.154798
40143007653,0.031585
40143007654,0.017953
40143007655,0.170611
40143007656,0.076549
40143007703,0.153789
40143007704,0.147709
40143007705,0.135226
40143007706,0.007929
40143007707,0.147048
40143007801,0.199068
40143007803,0.183319
40143007804,0.34358
40143007900,0.107262
40143008001,0.24034
40143008002,0.014477
40143008200,0.055635
40143008300,0.166513
40143008400,0.003937
40143008501,0.036318
40143008502,0.061859
40143008600,0.027382
40143008700,0.033318
40143008800,0.04758
40143008900,0.095733
40143009006,0.007464
40143009008,0.070381
40143009010,0.002994
40143009011,0.078234
40143009012,0.018941
40143009013,0.02707
40143009014,0.014854
40143009015,0.035862
40143009016,0.016304
40143009017,0.007736
40143009018,0.015637
40143009019,0.026073
40143009020,0.003211
40143009021,0.043388
40143009101,0.306256
40143009104,0.228985
40143009200,0.180876
40143009300,0.220362
40143009401,0.155872
40143009403,0.080148
40143009404,0.155255
40143009500,0.181367
40143011300,0.020307
40143011400,0.003522
40145030101,0.12775
40145030102,0.14683
40145030201,0.331782
40145030202,0.096555
40145030300,0.116123
40145030402,0.071853
40145030403,0.261205
40145030406,0.023494
40145030407,0.023524
40145030408,0.165507
40145030502,0.065714
40145030505,0.022778
40145030506,0.09057
40145030507,0.003355
40145030508,0.159434
40145030509,0.014127
40145030510,0.149527
40145030511,0.101593
40145030512,0.164521
40145030601,0.019144
40145030603,0.148125
40145030604,0.241141
40145030605,0.07532
40145030798,0.131634
40145030800,0.154331
40147000100,0.033786
40147000200,0.147546
40147000300,0.062672
40147000400,0.169073
40147000500,0.008682
40147000601,0.274517
40147000602,0.289768
40147000700,0.201856
40147000800,0.218796
40147000900,0.013244
40147001000,0.103697
40147001100,0.125693
40147001200,0.149042
40147001300,0.115904
40149964900,0.188215
40149965000,0.203433
40149965100,0.166474
40149965400,0.125623
40151954201,0.111619
40151954202,0.145878
40151954300,0.296261
40151954400,0.16788
40153953100,0.065501
40153953200,0.266999
40153953300,0.21844
40153953400,0.237979
40153953500,0.325955
04001944902,0.022299
04001945100,0.102194
04001970201,0.187925
04001970202,0.068755
04001970300,0.222094
04001970501,0.170076
04001970502,0.207464
04003000101,0.079621
04003000102,0.166582
04003000201,0.063657
04003000202,0.085534
04003000203,0.122635
04003000301,0.130202
04003000303,0.128412
04003000304,0.137989
04003000305,0.321871
04003000400,0.065845
04003000501,0.092867
04003000502,0.108882
04003000503,0.281186
04003000600,0.091325
04003000700,0.299785
04003000800,0.073081
04003000901,0.01597
04003000902,0.194322
04003001000,0.159303
04003001100,0.118108
04003001200,0.087707
04003001301,0.04488
04003001302,0.073438
04003001401,0.023207
04003001402,0.041169
04003001501,0.022263
04003001502,0.022865
04003001601,0.016746
04003001602,0.031612
04003001701,0.115286
04003001702,0.013442
04003001703,0.263469
04003001801,0.010564
04003001802,0.003712
04003001900,0.185025
04003002001,0.087517
04003002002,0.013573
04003002100,0.025803
04005000200,0.030746
04005000601,0.028192
04005000602,0.110973
04005000700,0.23076
04005000800,0.038578
04005000901,0.064821
04005000902,0.003889
04005001000,0.039816
04005001101,0.017017
04005001103,0.187458
04005001104,0.183254
04005001201,0.213518
04005001302,0.157391
04005001500,0.19429
04005001601,0.160765
04005001602,0.183383
04005001700,0.173441
04005002201,0.182915
04005002202,0.05771
04005002302,0.145743
04005945100,0.038447
04005980100,0.512679
04005980200,0.07332
04007000100,0.178332
04007000200,0.207337
04007000301,0.190273
04007000302,0.169981
04007000400,0.154743
04007000500,0.208413
04007000600,0.341812
04007000700,0.218465
04007000800,0.360674
04007000900,0.108297
04007001000,0.178443
04007001100,0.127898
04007001200,0.223407
04007001300,0.140672
04007940200,0.098903
04007940400,0.039172
04009940500,0.062966
04009961100,0.284801
04009961201,0.066639
04009961202,0.344614
04009961300,0.115578
04009961400,0.263996
04009961500,0.123357
04009961600,0.216881
04009961700,0.223968
04011960100,0.120491
04011960200,0.124027
04011960300,0.099492
04012020101,0.079254
04012020102,0.08497
04013010102,0.165037
04013010103,0.255413
04013010104,0.061201
04013030401,0.129512
04013030402,0.02566
04013040502,0.078659
04013040506,0.026065
04013040507,0.044344
04013040512,0.047586
04013040513,0.182199
04013040514,0.018552
04013040515,0.061433
04013040516,0.007528
04013040522,0.062103
04013040523,0.063645
04013040524,0.065114
04013040525,0.066515
04013040526,0.021254
04013040527,0.142312
04013040528,0.061864
04013040529,0.177312
04013040530,0.00626
04013040531,0.090711
04013040532,0.022626
04013040533,0.007157
04013040534,0.009844
04013040535,0.018323
04013040536,0.002655
04013040537,0.041448
04013040538,0.023967
04013040539,0.05177
04013040540,0.093117
04013040541,0.056776
04013050603,0.298132
04013050604,0.301221
04013050609,0.058348
04013050611,0.003027
04013050612,0.002051
04013050613,0.157243
04013050614,0.01945
04013050615,0.002767
04013050616,0.011245
04013050617,0.027167
04013050618,0.003295
04013050619,0.011838
04013050620,0.00602
04013050621,0.033124
04013050701,0.08914
04013050702,0.08019
04013060801,0.071192
04013060802,0.014425
04013060901,0.010061
04013060902,0.033995
04013060903,0.161957
04013060904,0.329874
04013061010,0.1329
04013061011,0.038285
04013061013,0.011311
04013061014,0.020138
04013061015,0.011181
04013061017,0.019252
04013061018,0.007813
04013061020,0.006866
04013061021,0.007952
04013061024,0.054798
04013061026,0.00346
04013061027,0.013775
04013061028,0.018297
04013061029,0.001851
04013061031,0.003296
04013061032,0.003766
04013061033,0.002838
04013061034,0.011348
04013061035,0.04771
04013061036,0.001033
04013061037,0.00425
04013061038,0.004166
04013061039,0.024984
04013061040,0.018283
04013061041,0.001427
04013061042,0.019374
04013061043,0.002953
04013061044,0.002311
04013061045,0.007845
04013061046,0.041925
04013061047,0.010271
04013061048,0.00578
04013061049,0.001859
04013061050,0.034961
04013061051,0.005106
04013061052,0.000651
04013061053,0.003835
04013061054,0.066081
04013061055,0.001697
04013061056,0.002252
04013061057,0.002563
04013061058,0.003779
04013061059,0.007872
04013061060,0.007148
04013061061,0.001496
04013061062,0.004801
04013061063,0.024465
04013061064,0.003678
04013061100,0.273239
04013061200,0.005852
04013061300,0.060139
04013061401,0.09588
04013061402,0.219841
04013071503,0.052412
04013071504,0.014781
04013071505,0.032598
04013071506,0.035012
04013071509,0.009127
04013071510,0.011725
04013071511,0.057943
04013071512,0.004679
04013071513,0.03376
04013071514,0.008414
04013071515,0.043396
04013071516,0.022336
04013071517,0.006639
04013071600,0.250724
04013071701,0.021083
04013071702,0.019942
04013071801,0.008604
04013071802,0.032671
04013071903,0.007167
04013071906,0.038764
04013071909,0.012114
04013071910,0.002615
04013071911,0.015701
04013071912,0.02422
04013071913,0.007143
04013071914,0.00641
04013071915,0.029134
04013082002,0.002081
04013082007,0.009154
04013082008,0.032163
04013082009,0.009782
04013082010,0.028475
04013082012,0.006458
04013082016,0.017836
04013082017,0.014784
04013082018,0.004039
04013082019,0.005954
04013082020,0.007527
04013082021,0.031105
04013082022,0.001748
04013082023,0.117518
04013082024,0.006164
04013082025,0.089291
04013082026,0.007697
04013082027,0.04253
04013082028,0.004294
04013082204,0.008057
04013082205,0.012872
04013082206,0.004074
04013082207,0.002441
04013082208,0.008138
04013082209,0.161709
04013082210,0.011792
04013082211,0.069144
04013082212,0.004964
04013082213,0.002659
04013083000,0.016773
04013092305,0.005775
04013092306,0.019411
04013092307,0.055196
04013092308,0.004378
04013092309,0.00341
04013092311,0.026042
04013092312,0.0238
04013092401,0.009382
04013092402,0.004552
04013092500,0.011302
04013092600,0.013443
04013092705,0.020471
04013092708,0.006353
04013092709,0.003613
04013092710,0.008985
04013092711,0.004608
04013092712,0.025286
04013092713,0.001622
04013092715,0.013166
04013092716,0.002127
04013092717,0.026229
04013092718,0.025425
04013092719,0.014695
04013092720,0.010359
04013092721,0.001953
04013092723,0.004565
04013092724,0.03557
04013092801,0.003306
04013092802,0.048715
04013092900,0.004907
04013093001,0.003148
04013093002,0.002512
04013093101,0.01222
04013093104,0.023767
04013093105,0.001367
04013093106,0.033185
04013093200,0.036262
04013103205,0.018931
04013103206,0.001659
04013103207,0.003684
04013103208,0.06896
04013103209,0.01718
04013103210,0.007128
04013103211,0.043994
04013103212,0.002939
04013103214,0.002641
04013103215,0.010166
04013103216,0.010502
04013103217,0.007223
04013103219,0.090702
04013103220,0.033801
04013103302,0.005439
04013103303,0.006181
04013103304,0.008437
04013103305,0.044144
04013103306,0.014935
04013103400,0.022699
04013103501,0.003954
04013103502,0.005999
04013103604,0.092757
04013103605,0.004148
04013103606,0.006052
04013103607,0.04961
04013103608,0.010064
04013103609,0.003799
04013103611,0.007146
04013103612,0.025587
04013103614,0.004424
04013103615,0.043613
04013103701,0.018988
04013103702,0.058601
04013103900,0.005918
04013104000,0.005193
04013104100,0.003926
04013104202,0.003577
04013104203,0.004304
04013104204,0.002927
04013104205,0.003862
04013104206,0.005038
04013104207,0.003347
04013104212,0.00414
04013104214,0.005271
04013104215,0.006957
04013104216,0.005101
04013104217,0.039366
04013104218,0.005516
04013104219,0.002722
04013104221,0.007917
04013104222,0.002782
04013104223,0.003521
04013104224,0.002865
04013104225,0.005098
04013104226,0.013178
04013104227,0.039361
04013104301,0.010745
04013104302,0.026416
04013104401,0.010179
04013104402,0.010061
04013104501,0.031559
04013104502,0.059584
04013104600,0.022838
04013104701,0.038991
04013104702,0.022423
04013104801,0.022045
04013104802,0.002905
04013104900,0.004533
04013105002,0.006216
04013105003,0.007069
04013105004,0.012408
04013105101,0.002852
04013105102,0.009409
04013105103,0.084947
04013105200,0.007367
04013105300,0.006094
04013105400,0.014363
04013105501,0.003586
04013105502,0.006808
04013105503,0.009178
04013105601,0.022278
04013105602,0.001673
04013105701,0.012296
04013105702,0.005516
04013105800,0.00568
04013105900,0.025805
04013106001,0.007436
04013106002,0.005595
04013106003,0.004463
04013106100,0.007193
04013106200,0.029611
04013106300,0.010387
04013106400,0.0043
04013106501,0.004502
04013106502,0.006265
04013106600,0.005523
04013106701,0.031739
04013106702,0.028284
04013106703,0.049731
04013106801,0.026754
04013106802,0.004116
04013106900,0.003191
04013107001,0.003221
04013107002,0.002869
04013107101,0.026076
04013107102,0.006973
04013107201,0.228971
04013107202,0.002119
04013107300,0.015085
04013107401,0.010177
04013107402,0.024565
04013107403,0.023566
04013107404,0.024752
04013107500,0.007299
04013107601,0.036443
04013107602,0.028393
04013107700,0.010271
04013107800,0.079588
04013107900,0.065125
04013108000,0.002617
04013108100,0.038132
04013108200,0.059301
04013108301,0.14236
04013108302,0.04965
04013108400,0.013718
04013108501,0.014165
04013108502,0.185421
04013108601,0.007037
04013108602,0.008854
04013108802,0.013341
04013108901,0.010575
04013108902,0.002857
04013109001,0.027161
04013109002,0.002445
04013109003,0.002905
04013109101,0.00304
04013109102,0.023357
04013109200,0.010152
04013109300,0.004693
04013109401,0.001996
04013109402,0.039396
04013109500,0.003487
04013109601,0.030118
04013109602,0.004806
04013109603,0.003015
04013109604,0.019465
04013109702,0.007794
04013109703,0.004155
04013109704,0.014236
04013109705,0.017595
04013109706,0.004106
04013109707,0.004383
04013109801,0.018134
04013109802,0.004501
04013109900,0.003148
04013110001,0.009379
04013110002,0.140322
04013110100,0.023066
04013110400,0.003722
04013110501,0.013458
04013110502,0.02398
04013110600,0.008852
04013110701,0.036864
04013110702,0.004475
04013110801,0.037159
04013110802,0.002239
04013110901,0.038633
04013110902,0.046728
04013111000,0.014164
04013111100,0.002692
04013111201,0.004364
04013111202,0.002818
04013111203,0.080566
04013111204,0.018979
04013111300,0.002457
04013111401,0.053575
04013111402,0.003311
04013111501,0.004578
04013111502,0.00213
04013111601,0.004328
04013111602,0.025621
04013111700,0.004559
04013111800,0.044763
04013111900,0.039968
04013112100,0.004763
04013112201,0.005466
04013112202,0.003616
04013112301,0.003087
04013112302,0.014671
04013112401,0.010169
04013112402,0.007754
04013112502,0.004062
04013112504,0.006418
04013112507,0.009413
04013112508,0.032918
04013112510,0.003853
04013112512,0.036695
04013112514,0.005507
04013112515,0.003312
04013112516,0.010097
04013112517,0.0066
04013112518,0.006809
04013112519,0.001791
04013112520,0.048941
04013112521,0.01218
04013112522,0.006458
04013112523,0.029426
04013112524,0.003022
04013112601,0.050293
04013112602,0.003799
04013112700,0.015525
04013112900,0.017968
04013113000,0.004401
04013113100,0.019797
04013113201,0.169463
04013113202,0.283452
04013113204,0.027041
04013113301,0.021383
04013113502,0.016479
04013113503,0.005278
04013113601,0.004252
04013113602,0.162021
04013113701,0.004473
04013113702,0.009258
04013113800,0.05876
04013113900,0.052329
04013114000,0.036798
04013114100,0.064078
04013114200,0.013193
04013114301,0.038981
04013114302,0.010243
04013114401,0.041628
04013114402,0.02932
04013114500,0.007783
04013114600,0.011284
04013114704,0.20404
04013114705,0.441601
04013114800,0.124094
04013114900,0.006078
04013115200,0.021967
04013115300,0.053477
04013115400,0.012275
04013115500,0.00435
04013115600,0.001953
04013115700,0.005111
04013115801,0.023817
04013115802,0.003155
04013115900,0.002908
04013116000,0.002699
04013116100,0.004216
04013116202,0.006999
04013116203,0.010946
04013116204,0.016938
04013116205,0.018603
04013116300,0.002399
04013116400,0.001729
04013116500,0.00382
04013116605,0.01338
04013116606,0.051682
04013116607,0.009468
04013116610,0.12997
04013116611,0.004409
04013116612,0.001654
04013116614,0.010179
04013116615,0.005032
04013116616,0.006287
04013116617,0.127733
04013116618,0.010813
04013116619,0.003085
04013116620,0.006305
04013116621,0.010331
04013116703,0.006863
04013116707,0.015638
04013116708,0.061641
04013116709,0.0205
04013116710,0.005341
04013116711,0.012716
04013116712,0.00827
04013116713,0.011159
04013116714,0.004558
04013116715,0.017522
04013116717,0.03103
04013116718,0.058273
04013116719,0.020976
04013116720,0.014628
04013116721,0.009041
04013116725,0.008215
04013116727,0.022154
04013116728,0.003096
04013116729,0.058882
04013116730,0.064381
04013116731,0.018335
04013116732,0.023266
04013116733,0.082773
04013116734,0.010587
04013116735,0.002855
04013116736,0.00436
04013116737,0.009621
04013116738,0.002625
04013116800,0.007932
04013116900,0.033709
04013117000,0.002857
04013117100,0.002876
04013117200,0.042016
04013117300,0.098748
04013216806,0.024811
04013216807,0.006251
04013216809,0.005789
04013216810,0.032883
04013216813,0.023914
04013216816,0.010164
04013216819,0.004939
04013216820,0.008943
04013216821,0.009059
04013216822,0.014927
04013216826,0.014159
04013216829,0.047794
04013216830,0.010934
04013216831,0.010642
04013216832,0.006191
04013216833,0.09699
04013216834,0.049964
04013216835,0.010814
04013216836,0.021498
04013216837,0.007869
04013216838,0.002771
04013216839,0.002192
04013216840,0.041299
04013216841,0.018163
04013216842,0.007606
04013216843,0.028756
04013216844,0.012674
04013216845,0.061455
04013216849,0.026714
04013216850,0.060425
04013216851,0.094089
04013216852,0.004299
04013216853,0.013513
04013216854,0.03597
04013216855,0.031669
04013216856,0.042391
04013216857,0.039662
04013216858,0.013225
04013216859,0.001855
04013216860,0.079921
04013216861,0.00665
04013216901,0.00634
04013216902,0.003441
04013217001,0.061122
04013217002,0.002426
04013217101,0.031232
04013217102,0.004175
04013217201,0.069572
04013217203,0.044564
04013217204,0.023193
04013217300,0.039127
04013217400,0.04381
04013217501,0.003576
04013217502,0.015138
04013217600,0.012705
04013217700,0.163683
04013217800,0.010967
04013217900,0.024471
04013218000,0.017985
04013218100,0.046365
04013218200,0.005158
04013218300,0.042732
04013318400,0.08966
04013318501,0.009045
04013318700,0.065062
04013318800,0.004231
04013318900,0.004632
04013319001,0.01993
04013319002,0.00489
04013319101,0.104858
04013319103,0.008017
04013319104,0.16221
04013319201,0.004367
04013319202,0.044749
04013319300,0.010238
04013319401,0.004613
04013319402,0.004589
04013319403,0.002622
04013319404,0.033039
04013319500,0.033369
04013319600,0.006562
04013319705,0.091296
04013319706,0.056918
04013319707,0.028472
04013319708,0.00477
04013319709,0.031272
04013319710,0.017589
04013319801,0.006631
04013319802,0.005319
04013319902,0.013497
04013319903,0.018905
04013319904,0.087155
04013319905,0.007294
04013319906,0.027956
04013319907,0.007152
04013319908,0.031566
04013319909,0.013683
04013319910,0.014882
04013320001,0.05767
04013320002,0.135579
04013320007,0.004069
04013320100,0.022896
04013420104,0.084916
04013420105,0.012981
04013420107,0.002884
04013420108,0.017256
04013420109,0.00559
04013420110,0.005456
04013420111,0.003271
04013420112,0.013896
04013420113,0.008185
04013420114,0.034477
04013420115,0.011415
04013420116,0.098902
04013420202,0.0507
04013420206,0.029091
04013420207,0.011729
04013420208,0.00639
04013420209,0.0077
04013420210,0.01805
04013420211,0.012563
04013420212,0.039099
04013420213,0.009413
04013420214,0.132904
04013420215,0.009809
04013420216,0.008341
04013420301,0.045632
04013420302,0.010579
04013420303,0.003396
04013420304,0.044761
04013420401,0.048064
04013420402,0.00666
04013420503,0.032752
04013420504,0.038893
04013420505,0.003756
04013420506,0.090662
04013420602,0.003754
04013420603,0.007804
04013420604,0.005585
04013420704,0.022449
04013420705,0.008974
04013420706,0.013865
04013420707,0.020866
04013420708,0.027777
04013420709,0.027695
04013420710,0.023554
04013420800,0.007115
04013420901,0.005694
04013420902,0.004169
04013421001,0.155141
04013421002,0.017917
04013421101,0.017847
04013421102,0.023872
04013421201,0.016498
04013421202,0.209268
04013421302,0.035547
04013421303,0.014247
04013421304,0.015884
04013421400,0.013583
04013421501,0.007782
04013421502,0.003527
04013421601,0.043096
04013421602,0.010668
04013421701,0.007368
04013421702,0.025345
04013421801,0.004211
04013421802,0.01055
04013421901,0.006957
04013421902,0.041105
04013422001,0.006146
04013422002,0.01911
04013422102,0.017924
04013422103,0.03551
04013422104,0.004664
04013422105,0.009945
04013422106,0.072769
04013422107,0.095493
04013422203,0.040695
04013422209,0.003831
04013422210,0.008562
04013422211,0.007279
04013422212,0.046138
04013422213,0.009399
04013422215,0.004149
04013422216,0.022818
04013422217,0.115408
04013422218,0.003097
04013422219,0.004695
04013422220,0.010131
04013422221,0.036889
04013422222,0.004099
04013422223,0.0274
04013422224,0.031092
04013422225,0.006076
04013422226,0.123954
04013422227,0.005831
04013422301,0.005802
04013422302,0.005304
04013422304,0.071597
04013422305,0.008899
04013422307,0.038074
04013422308,0.013788
04013422309,0.016154
04013422401,0.028499
04013422402,0.002756
04013422403,0.005486
04013422404,0.012527
04013422501,0.002853
04013422502,0.015008
04013422503,0.005783
04013422504,0.047951
04013422506,0.061335
04013422507,0.022425
04013422508,0.005864
04013422509,0.16459
04013422510,0.014234
04013422511,0.009598
04013422512,0.003602
04013422513,0.030186
04013422514,0.073013
04013422607,0.040439
04013422609,0.058892
04013422610,0.019326
04013422615,0.017674
04013422617,0.005838
04013422618,0.016303
04013422620,0.003568
04013422621,0.04051
04013422622,0.009328
04013422623,0.005451
04013422624,0.020332
04013422625,0.032911
04013422626,0.027664
04013422627,0.007794
04013422628,0.012391
04013422629,0.035791
04013422630,0.004791
04013422632,0.020529
04013422633,0.020476
04013422634,0.018744
04013422636,0.017609
04013422637,0.009604
04013422638,0.010209
04013422639,0.034481
04013422640,0.032399
04013422642,0.021035
04013422643,0.009199
04013422647,0.005792
04013422648,0.004302
04013422649,0.009644
04013422650,0.026828
04013422651,0.003694
04013422652,0.02045
04013422653,0.006014
04013422654,0.003419
04013422655,0.029262
04013422656,0.060551
04013422657,0.007602
04013422658,0.006473
04013422659,0.014429
04013422660,0.006925
04013522801,0.492415
04013522802,0.001894
04013522901,0.007698
04013522903,0.089864
04013522904,0.004371
04013523002,0.00282
04013523005,0.005079
04013523006,0.132151
04013523007,0.063275
04013523008,0.002606
04013523102,0.013163
04013523103,0.028434
04013523104,0.017548
04013610001,0.288459
04013610002,0.090169
04013610100,0.005319
04013610201,0.031389
04013610202,0.016499
04013610301,0.038819
04013610302,0.02377
04013610400,0.007466
04013610500,0.022357
04013610600,0.007338
04013610700,0.070894
04013610800,0.014556
04013610901,0.01123
04013610902,0.015837
04013610903,0.021666
04013611000,0.019459
04013611100,0.00553
04013611200,0.004269
04013611300,0.006585
04013611400,0.040644
04013611500,0.002448
04013611600,0.003488
04013611700,0.007462
04013611800,0.021291
04013611900,0.00409
04013612000,0.017985
04013612200,0.03754
04013612301,0.018262
04013612302,0.017171
04013612401,0.001044
04013612402,0.028201
04013612500,0.055694
04013612600,0.011962
04013612700,0.027078
04013612800,0.046144
04013612900,0.010105
04013613000,0.004511
04013613100,0.002767
04013613200,0.01031
04013613300,0.003615
04013613400,0.007213
04013613500,0.116903
04013613601,0.007215
04013613602,0.005493
04013613700,0.050095
04013613800,0.004534
04013613900,0.006122
04013614000,0.002071
04013614100,0.003129
04013614200,0.014924
04013614300,0.035141
04013614400,0.020884
04013614500,0.008838
04013614601,0.031769
04013614602,0.091822
04013614700,0.029487
04013614800,0.003312
04013614900,0.161706
04013615001,0.003174
04013615002,0.023768
04013615100,0.088127
04013615201,0.031277
04013615202,0.0476
04013615300,0.032441
04013615400,0.03777
04013615500,0.030409
04013615600,0.042178
04013615700,0.020089
04013615800,0.002884
04013615900,0.020203
04013616000,0.00408
04013616100,0.004503
04013616200,0.033275
04013616300,0.004293
04013616400,0.058654
04013616500,0.006494
04013616600,0.01097
04013616700,0.031131
04013616800,0.004568
04013616900,0.010155
04013617001,0.027656
04013617002,0.025531
04013617100,0.034179
04013617200,0.007954
04013617300,0.010524
04013617400,0.077253
04013617500,0.023608
04013617600,0.017181
04013617700,0.026059
04013617800,0.05065
04013617900,0.009853
04013618000,0.006213
04013618100,0.005836
04013618200,0.001922
04013618300,0.004833
04013618400,0.002611
04013618500,0.009262
04013618600,0.019796
04013618700,0.002368
04013618800,0.012154
04013618900,0.022284
04013619000,0.027872
04013619100,0.026504
04013619200,0.025452
04013619300,0.002467
04013619400,0.036557
04013619500,0.007786
04013619601,0.026258
04013619602,0.004402
04013619700,0.00474
04013619800,0.006004
04013619900,0.011068
04013723304,0.088336
04013723305,0.121031
04013723306,0.08132
04013723307,0.030436
04013723309,0.000771
04013723310,0.013398
04013723311,0.012288
04013810000,0.03924
04013810100,0.005109
04013810200,0.039903
04013810300,0.00334
04013810400,0.008044
04013810500,0.005177
04013810600,0.024294
04013810700,0.006275
04013810800,0.014753
04013810900,0.005951
04013811000,0.034337
04013811100,0.052177
04013811200,0.049244
04013811300,0.01244
04013811400,0.004851
04013811500,0.001951
04013811600,0.002894
04013811700,0.002504
04013811800,0.030055
04013811900,0.009419
04013812000,0.030861
04013812100,0.025502
04013812200,0.005048
04013812300,0.005679
04013812400,0.005916
04013812500,0.018286
04013812600,0.024188
04013812700,0.003858
04013812801,0.004155
04013812802,0.040969
04013812900,0.007393
04013813000,0.003852
04013813100,0.002808
04013813200,0.006396
04013813300,0.036791
04013813400,0.005211
04013813500,0.02553
04013813600,0.003894
04013813700,0.017985
04013813800,0.013775
04013813900,0.02198
04013814000,0.019241
04013814100,0.002684
04013814200,0.03415
04013814300,0.024399
04013814400,0.022535
04013814500,0.064503
04013814600,0.011865
04013814700,0.002367
04013814801,0.010562
04013814802,0.005742
04013814900,0.005524
04013815000,0.00699
04013815100,0.00124
04013815201,0.018166
04013815202,0.001791
04013815203,0.015582
04013815300,0.056858
04013815401,0.004983
04013815402,0.01138
04013815501,0.004652
04013815502,0.04034
04013815601,0.011007
04013815602,0.002079
04013815700,0.013015
04013815800,0.012713
04013815901,0.053218
04013815902,0.003803
04013816001,0.023967
04013816002,0.00811
04013816003,0.027279
04013816004,0.008481
04013816005,0.007764
04013816100,0.00492
04013816200,0.004421
04013816301,0.025525
04013816302,0.010422
04013816401,0.023876
04013816402,0.004681
04013816501,0.019498
04013816502,0.008481
04013816600,0.009634
04013816700,0.006234
04013816800,0.009475
04013816901,0.00397
04013816902,0.010552
04013816903,0.002863
04013816904,0.002441
04013817000,0.027746
04013817101,0.019818
04013817102,0.025352
04013817103,0.001562
04013817200,0.008011
04013817300,0.021226
04013817400,0.017691
04013817500,0.021838
04013817600,0.008785
04013940700,0.030065
04013941000,0.014448
04013941100,0.104298
04013941200,0.047142
04013941300,0.031389
04013980100,0.118923
04013980400,0.272693
04013980500,0.01889
04013980700,0.022478
04013980900,0.016767
04013981000,0.518819
04015954801,0.184303
04015954802,0.162777
04017940014,0.004558
04017940015,0.006599
04017940100,0.214979
04017940301,0.072006
04017940302,0.320031
04017960100,0.182957
04017960200,0.124869
04017960400,0.074148
04017960500,0.234101
04017960600,0.091858
04017961300,0.082497
04017961701,0.115002
04017961702,0.275191
04017962501,0.194085
04017962502,0.388545
04017963300,0.14601
04017963400,0.104624
04017963700,0.006646
04017963800,0.016255
04017964201,0.086211
04017964202,0.07694
04017964801,0.015182
04017964802,0.210244
04017964901,0.20823
04017964902,0.0983
04017965201,0.264291
04017965202,0.23055
04017965301,0.12786
04017965302,0.033574
04019000100,0.243133
04019000200,0.025295
04019000300,0.002403
04019000401,0.003441
04019000402,0.004695
04019000501,0.007147
04019000502,0.005542
04019000600,0.031277
04019000700,0.002236
04019000800,0.020994
04019001100,0.006076
04019001200,0.015945
04019001302,0.008122
04019001303,0.02588
04019001304,0.022118
04019001400,0.007852
04019001500,0.004411
04019001600,0.021456
04019001700,0.044524
04019001801,0.020668
04019001802,0.006691
04019001900,0.012768
04019002000,0.087108
04019002100,0.003463
04019002201,0.025095
04019002202,0.006948
04019002300,0.011356
04019002400,0.011693
04019002503,0.021949
04019002504,0.004742
04019002505,0.009148
04019002507,0.007995
04019002508,0.002308
04019002509,0.005363
04019002602,0.018932
04019002603,0.024353
04019002604,0.015742
04019002702,0.007424
04019002703,0.003877
04019002704,0.004771
04019002801,0.04569
04019002802,0.015208
04019002803,0.015679
04019002901,0.005269
04019002904,0.035797
04019002905,0.012022
04019002906,0.003422
04019003002,0.007726
04019003003,0.006462
04019003004,0.053862
04019003102,0.005266
04019003103,0.101039
04019003104,0.039985
04019003201,0.005317
04019003202,0.004297
04019003302,0.005166
04019003303,0.007135
04019003304,0.007775
04019003400,0.008078
04019003502,0.008638
04019003503,0.062012
04019003504,0.007324
04019003505,0.030253
04019003506,0.007129
04019003601,0.144062
04019003702,0.005532
04019003704,0.02807
04019003705,0.003969
04019003706,0.005404
04019003707,0.00791
04019003801,0.037729
04019003802,0.002719
04019003901,0.020002
04019003902,0.002203
04019003903,0.01247
04019004008,0.002645
04019004010,0.009345
04019004026,0.005057
04019004029,0.01709
04019004030,0.00723
04019004031,0.059569
04019004032,0.003669
04019004033,0.004395
04019004034,0.001556
04019004035,0.002232
04019004036,0.003732
04019004037,0.005627
04019004038,0.003174
04019004039,0.007319
04019004042,0.034162
04019004043,0.04004
04019004044,0.142764
04019004046,0.002533
04019004047,0.004252
04019004048,0.011633
04019004049,0.002898
04019004050,0.002361
04019004051,0.003013
04019004052,0.244197
04019004053,0.003087
04019004054,0.015777
04019004055,0.023125
04019004056,0.007733
04019004057,0.004848
04019004058,0.002075
04019004061,0.187998
04019004062,0.006325
04019004063,0.021636
04019004065,0.028914
04019004066,0.025526
04019004067,0.069554
04019004068,0.018958
04019004069,0.006307
04019004070,0.043363
04019004071,0.003024
04019004072,0.002895
04019004073,0.004317
04019004074,0.020349
04019004075,0.010683
04019004076,0.003109
04019004077,0.00651
04019004078,0.134216
04019004079,0.014072
04019004080,0.008548
04019004081,0.005321
04019004082,0.006206
04019004109,0.146847
04019004110,0.00223
04019004112,0.032523
04019004114,0.012424
04019004115,0.028678
04019004116,0.006137
04019004117,0.017479
04019004118,0.010951
04019004122,0.002379
04019004126,0.023397
04019004127,0.037181
04019004128,0.036994
04019004129,0.01305
04019004130,0.022458
04019004131,0.034698
04019004132,0.044036
04019004133,0.100049
04019004307,0.12215
04019004310,0.010008
04019004311,0.025435
04019004312,0.002929
04019004313,0.292572
04019004316,0.031161
04019004317,0.03046
04019004320,0.130583
04019004321,0.002483
04019004322,0.003112
04019004323,0.180069
04019004324,0.094308
04019004325,0.359696
04019004326,0.01079
04019004327,0.028911
04019004328,0.034831
04019004330,0.018066
04019004332,0.012533
04019004333,0.002035
04019004335,0.029611
04019004336,0.115871
04019004337,0.033084
04019004338,0.014648
04019004339,0.002629
04019004340,0.037379
04019004404,0.167096
04019004407,0.002495
04019004412,0.011647
04019004413,0.015888
04019004414,0.002268
04019004415,0.044969
04019004418,0.005229
04019004419,0.009736
04019004422,0.003098
04019004423,0.031527
04019004424,0.18281
04019004425,0.077447
04019004426,0.106673
04019004428,0.035751
04019004430,0.016975
04019004431,0.006542
04019004432,0.004167
04019004433,0.004241
04019004434,0.010182
04019004435,0.005923
04019004436,0.023226
04019004437,0.032364
04019004438,0.012533
04019004439,0.00511
04019004440,0.010569
04019004505,0.005567
04019004506,0.00709
04019004508,0.059828
04019004510,0.00931
04019004511,0.003143
04019004512,0.006521
04019004513,0.009108
04019004514,0.006822
04019004515,0.061387
04019004610,0.00433
04019004613,0.005722
04019004614,0.017882
04019004615,0.017264
04019004616,0.026699
04019004617,0.061461
04019004618,0.02491
04019004619,0.043015
04019004620,0.079784
04019004621,0.003717
04019004622,0.184635
04019004623,0.027416
04019004624,0.004383
04019004625,0.243815
04019004626,0.01518
04019004627,0.033884
04019004628,0.017019
04019004630,0.021303
04019004631,0.215421
04019004632,0.257487
04019004633,0.03131
04019004634,0.003996
04019004635,0.047571
04019004636,0.014911
04019004639,0.040678
04019004640,0.009813
04019004641,0.002968
04019004642,0.013808
04019004643,0.03854
04019004644,0.006678
04019004645,0.006954
04019004646,0.010172
04019004647,0.019988
04019004648,0.166186
04019004649,0.017221
04019004650,0.030181
04019004710,0.048448
04019004711,0.028627
04019004712,0.004245
04019004713,0.219609
04019004714,0.017939
04019004715,0.228334
04019004717,0.028066
04019004718,0.013778
04019004720,0.009372
04019004721,0.012534
04019004722,0.03954
04019004723,0.020198
04019004724,0.018785
04019004725,0.062067
04019004726,0.01686
04019004727,0.194336
04019004728,0.34366
04019004729,0.003519
04019004730,0.004977
04019005200,0.157914
04019005300,0.003699
04019005400,0.015544
04019940800,0.052477
04019940900,0.010575
04019941000,0.086825
04019941100,0.008548
04019980001,0.49737
04019980002,0.103123
04019980100,0.030389
04019980200,0.054365
04019980300,0.081152
04019980400,0.208972
04021000201,0.264153
04021000204,0.003209
04021000206,0.038725
04021000208,0.011519
04021000211,0.052204
04021000212,0.083318
04021000215,0.010456
04021000216,0.005054
04021000217,0.130148
04021000218,0.003064
04021000219,0.027655
04021000220,0.008194
04021000221,0.031749
04021000222,0.001806
04021000223,0.00289
04021000224,0.008881
04021000225,0.003383
04021000226,0.003411
04021000227,0.003553
04021000228,0.01441
04021000229,0.05655
04021000307,0.081211
04021000309,0.040539
04021000310,0.016829
04021000311,0.171695
04021000312,0.059795
04021000313,0.009512
04021000315,0.064972
04021000316,0.044413
04021000317,0.003939
04021000319,0.057485
04021000320,0.053611
04021000321,0.025248
04021000322,0.025023
04021000323,0.088267
04021000324,0.016189
04021000325,0.02076
04021000400,0.173328
04021000603,0.067049
04021000604,0.222107
04021000700,0.103858
04021000802,0.09981
04021000804,0.018235
04021000805,0.010171
04021000806,0.002144
04021000807,0.337647
04021000808,0.329393
04021000902,0.091424
04021000903,0.375794
04021000904,0.194206
04021001000,0.175665
04021001100,0.120302
04021001200,0.128655
04021001303,0.077939
04021001305,0.003746
04021001306,0.00463
04021001307,0.128224
04021001308,0.095653
04021001309,0.020195
04021001310,0.03048
04021001403,0.014864
04021001404,0.021283
04021001405,0.03733
04021001406,0.046871
04021001407,0.154478
04021001408,0.189802
04021001500,0.053273
04021001600,0.028968
04021001701,0.253542
04021001704,0.064237
04021001705,0.156043
04021001706,0.09501
04021001707,0.003971
04021001709,0.028727
04021001712,0.149594
04021001713,0.010799
04021001714,0.003832
04021001715,0.051092
04021001716,0.002779
04021001717,0.01888
04021001900,0.02098
04021002001,0.237587
04021002004,0.096301
04021002005,0.127942
04021002104,0.030914
04021002105,0.014974
04021002106,0.108758
04021002107,0.184461
04021002200,0.116266
04021002300,0.264796
04021002400,0.441489
04021941200,0.036706
04021941300,0.030735
04021941401,0.079394
04021941402,0.058706
04023966000,0.092374
04023966101,0.185488
04023966103,0.090765
04023966106,0.190363
04023966107,0.03125
04023966108,0.121286
04023966109,0.057475
04023966110,0.011307
04023966111,0.168357
04023966200,0.056106
04023966301,0.188106
04023966302,0.199799
04023966401,0.052725
04023966402,0.109845
04025000205,0.025716
04025000206,0.033885
04025000207,0.330918
04025000208,0.333648
04025000209,0.308405
04025000210,0.023112
04025000211,0.100012
04025000301,0.027253
04025000302,0.02656
04025000403,0.005989
04025000404,0.003316
04025000405,0.003499
04025000406,0.294327
04025000407,0.00131
04025000501,0.0454
04025000502,0.040469
04025000604,0.006226
04025000608,0.008419
04025000609,0.010637
04025000611,0.096305
04025000612,0.099938
04025000613,0.001085
04025000614,0.003099
04025000615,0.034435
04025000616,0.011301
04025000617,0.142225
04025000618,0.011882
04025000619,0.07249
04025000701,0.092901
04025000702,0.06683
04025000802,0.092249
04025000803,0.011788
04025000804,0.326505
04025000901,0.133644
04025000902,0.002963
04025001002,0.026611
04025001003,0.009846
04025001004,0.062046
04025001103,0.032227
04025001104,0.005398
04025001105,0.117727
04025001106,0.060344
04025001201,0.248372
04025001202,0.019929
04025001300,0.206543
04025001401,0.046503
04025001402,0.326806
04025001403,0.148906
04025001501,0.112693
04025001502,0.115693
04025001601,0.043372
04025001602,0.098459
04025001604,0.133056
04025001605,0.168074
04025001701,0.086534
04025001703,0.291004
04025001704,0.199238
04025001705,0.134578
04025001801,0.094936
04025001803,0.114427
04025001804,0.166686
04025001901,0.078701
04025001902,0.153478
04025001903,0.057485
04025001904,0.060487
04025002001,0.078372
04025002002,0.094395
04025002003,0.136953
04025002005,0.020142
04025002006,0.026204
04025002007,0.091133
04025002100,0.124861
04027012100,0.139771
04027980003,0.030599
04027980004,0.105068
35023970000,0.038311
06007000102,0.013645
06007000103,0.023755
06007000104,0.004942
06007000201,0.198843
06007000202,0.118107
06007000300,0.090326
06007000401,0.031096
06007000403,0.020557
06007000404,0.057438
06007000501,0.203979
06007000502,0.27081
06007000601,0.032722
06007000603,0.028886
06007000604,0.03678
06007000700,0.02025
06007000800,0.041673
06007000901,0.017712
06007000903,0.015583
06007000904,0.149259
06007001000,0.064331
06007001100,0.169495
06007001200,0.005572
06007001300,0.014768
06007001400,0.088595
06007001500,0.01918
06007001601,0.171348
06007001602,0.209346
06007001702,0.151489
06007001703,0.00765
06007001704,0.024448
06007001800,0.155622
06007001900,0.114708
06007002000,0.214334
06007002100,0.161528
06007002200,0.068795
06007002300,0.22322
06007002401,0.093186
06007002402,0.107365
06007002500,0.061803
06007002601,0.298909
06007002602,0.179493
06007002700,0.041435
06007002800,0.021449
06007002900,0.014913
06007003001,0.204374
06007003002,0.015692
06007003100,0.308387
06007003200,0.008383
06007003300,0.018043
06007003400,0.097178
06007003501,0.013164
06007003502,0.132848
06007003600,0.135704
06007003700,0.167523
06011000100,0.123374
06011000200,0.114761
06011000301,0.163492
06011000302,0.183103
06011000400,0.05409
06011000500,0.261467
06015000202,0.207377
06017030601,0.243644
06017030603,0.299638
06017030604,0.023936
06017030605,0.224538
06017030606,0.231531
06017030701,0.029034
06017030706,0.006149
06017030709,0.003967
06017030710,0.001059
06017030801,0.05225
06017030901,0.066535
06017030902,0.033218
06017031000,0.132827
06017031100,0.081935
06017031700,0.031095
06021010101,0.197627
06021010102,0.218328
06021010200,0.158399
06021010300,0.111117
06021010401,0.155048
06021010402,0.240761
06021010501,0.068967
06021010502,0.187599
06023001200,0.015012
06023010102,0.170433
06023010902,0.033438
06023011600,0.131311
06023940000,0.242597
06033000100,0.101389
06033000300,0.041077
06033000401,0.002681
06033000402,0.032037
06033000501,0.083778
06033000502,0.046121
06033000601,0.066422
06033000602,0.114533
06033000702,0.094785
06033000703,0.015113
06033000704,0.040983
06033000801,0.00917
06033000802,0.008858
06033000901,0.017145
06033000902,0.049041
06033001000,0.147622
06033001101,0.042731
06033001102,0.058678
06033001200,0.01418
06033001301,0.062844
06033001302,0.116827
06035040100,0.112139
06035040200,0.048903
06035040302,0.163703
06035040303,0.08834
06035040304,0.266119
06035040305,0.034911
06035040400,0.231477
06035040500,0.118987
06035040600,0.131132
06045010100,0.15211
06045010200,0.165611
06045010601,0.266321
06045010602,0.205595
06045010801,0.120156
06045010802,0.005098
06045011700,0.059463
06045011800,0.1807
06049000100,0.245409
06049000200,0.042457
06049000300,0.203079
06055201800,0.199529
06057000102,0.025446
06057000104,0.041072
06057000105,0.117957
06057000106,0.188885
06057000107,0.139394
06057000200,0.02124
06057000300,0.163375
06057000401,0.014003
06057000403,0.298287
06057000404,0.015876
06057000502,0.038486
06057000503,0.014077
06057000504,0.10714
06057000601,0.078928
06057000602,0.085501
06057000701,0.299492
06057000702,0.220704
06057000801,0.261011
06057000802,0.19435
06057000900,0.192648
06061020200,0.031823
06061020300,0.187841
06061020401,0.06
06061020402,0.241948
06061020501,0.175215
06061020502,0.044513
06061020601,0.012268
06061020604,0.032905
06061020605,0.126602
06061020606,0.0113
06061020607,0.006586
06061020608,0.035993
06061020710,0.003264
06061020711,0.018363
06061020712,0.007129
06061020713,0.066127
06061020714,0.015747
06061020715,0.001536
06061020717,0.028588
06061020805,0.018648
06061020806,0.021135
06061020901,0.028574
06061020908,0.138098
06061021003,0.017038
06061021034,0.008007
06061021037,0.027776
06061021038,0.00304
06061021039,0.005194
06061021040,0.024675
06061021043,0.016805
06061021044,0.004013
06061021045,0.003126
06061021046,0.008356
06061021047,0.001684
06061021048,0.014801
06061021103,0.00923
06061021106,0.015477
06061021108,0.120945
06061021109,0.035199
06061021122,0.016786
06061021123,0.02246
06061021128,0.037527
06061021129,0.027783
06061021130,0.068073
06061021131,0.010022
06061021203,0.019181
06061021204,0.156313
06061021304,0.064115
06061021323,0.001556
06061021324,0.012994
06061021325,0.002618
06061021326,0.00061
06061021327,0.009223
06061021328,0.00453
06061021401,0.005912
06061021403,0.001719
06061021501,0.181508
06061021502,0.18774
06061021603,0.16011
06061021604,0.197135
06061021801,0.280889
06061021802,0.132126
06061021901,0.093705
06061021902,0.027902
06061022002,0.136552
06061022013,0.26709
06061022014,0.248362
06061022400,0.033446
06061022500,0.004159
06061022600,0.017909
06061022800,0.035641
06061022900,0.03063
06061023000,0.004392
06061023100,0.035618
06061023200,0.006241
06061023300,0.007434
06061023400,0.016365
06061023501,0.019358
06061023502,0.002329
06061023600,0.015429
06061023700,0.064533
06061023800,0.003492
06061023900,0.13145
06063000100,0.204045
06063000201,0.092528
06063000202,0.132097
06063000300,0.127799
06063000400,0.205944
06063000501,0.214762
06063000502,0.172924
06067000100,0.053882
06067000200,0.06456
06067000300,0.005966
06067000400,0.031983
06067000501,0.153647
06067000502,0.35633
06067000600,0.004982
06067000700,0.03822
06067000800,0.056108
06067001102,0.156328
06067001103,0.073733
06067001201,0.033999
06067001202,0.009235
06067001300,0.006207
06067001400,0.019273
06067001500,0.035916
06067001601,0.005154
06067001602,0.057982
06067001702,0.082906
06067001800,0.004435
06067001900,0.066464
06067002000,0.015743
06067002100,0.088396
06067002200,0.043969
06067002300,0.062988
06067002400,0.004209
06067002500,0.004476
06067002600,0.010026
06067002700,0.081796
06067005301,0.04056
06067005402,0.009998
06067005403,0.123715
06067005404,0.016517
06067005502,0.007285
06067005505,0.00989
06067005506,0.008731
06067005508,0.067538
06067005509,0.017092
06067005510,0.011754
06067005601,0.016067
06067005605,0.007786
06067005606,0.006001
06067005701,0.013385
06067005702,0.007574
06067005801,0.003093
06067005803,0.003012
06067005901,0.005521
06067005903,0.009865
06067005904,0.005265
06067006002,0.010003
06067006003,0.119091
06067006004,0.003558
06067006101,0.088562
06067006102,0.011799
06067006202,0.035297
06067006203,0.02463
06067006204,0.004813
06067006300,0.002872
06067006400,0.027085
06067006501,0.051575
06067006502,0.036756
06067006600,0.007486
06067006703,0.006193
06067006704,0.006077
06067006705,0.025906
06067006706,0.020188
06067006801,0.008136
06067006802,0.009857
06067006803,0.01927
06067006901,0.082351
06067006902,0.064979
06067007001,0.019585
06067007007,0.006153
06067007010,0.055058
06067007011,0.027901
06067007012,0.005924
06067007013,0.014738
06067007016,0.005319
06067007017,0.044388
06067007019,0.063617
06067007020,0.057566
06067007021,0.033646
06067007022,0.079673
06067007023,0.005616
06067007024,0.033058
06067007025,0.009747
06067007026,0.001734
06067007027,0.003204
06067007028,0.018321
06067007101,0.074634
06067007103,0.005605
06067007105,0.011008
06067007106,0.004467
06067007107,0.067254
06067007108,0.004999
06067007109,0.026096
06067007110,0.006976
06067007111,0.014634
06067007202,0.003956
06067007204,0.007125
06067007206,0.001893
06067007207,0.034327
06067007208,0.030498
06067007209,0.004001
06067007301,0.006472
06067007402,0.005354
06067007403,0.123446
06067007413,0.030206
06067007414,0.002165
06067007415,0.022821
06067007416,0.015868
06067007417,0.005257
06067007422,0.046482
06067007423,0.094613
06067007424,0.003602
06067007426,0.014846
06067007427,0.008241
06067007428,0.017267
06067007429,0.012564
06067007430,0.017872
06067007431,0.002107
06067007432,0.003795
06067007434,0.003729
06067007435,0.03081
06067007436,0.023811
06067007437,0.005185
06067007438,0.017713
06067007439,0.018084
06067007501,0.079926
06067007503,0.081717
06067007504,0.089724
06067007602,0.012531
06067007603,0.003894
06067007604,0.033087
06067007701,0.00681
06067007702,0.008733
06067007801,0.02619
06067007802,0.005086
06067007903,0.004577
06067007904,0.00226
06067007905,0.010248
06067007906,0.0211
06067008005,0.020496
06067008006,0.018161
06067008007,0.062343
06067008008,0.060197
06067008009,0.005523
06067008010,0.005759
06067008111,0.034343
06067008113,0.069714
06067008117,0.006824
06067008119,0.009063
06067008120,0.006106
06067008122,0.015472
06067008124,0.046861
06067008125,0.00372
06067008127,0.061553
06067008128,0.124413
06067008129,0.048703
06067008130,0.023569
06067008131,0.100812
06067008132,0.110426
06067008133,0.038452
06067008134,0.05459
06067008135,0.138522
06067008136,0.062846
06067008137,0.007766
06067008138,0.023285
06067008139,0.102142
06067008140,0.004808
06067008141,0.010458
06067008142,0.012461
06067008143,0.017921
06067008144,0.008122
06067008145,0.033618
06067008203,0.003252
06067008204,0.052236
06067008206,0.011792
06067008207,0.005141
06067008208,0.021925
06067008209,0.012452
06067008210,0.017162
06067008211,0.002288
06067008402,0.004722
06067008403,0.030956
06067008404,0.013921
06067008501,0.011842
06067008504,0.090059
06067008505,0.030137
06067008506,0.070476
06067008507,0.00718
06067008508,0.018597
06067008509,0.007708
06067008510,0.02039
06067008512,0.003198
06067008702,0.003407
06067008703,0.041905
06067008909,0.032732
06067008912,0.031239
06067008913,0.00391
06067988300,0.004313
06089010100,0.175964
06089010200,0.013451
06089010300,0.089666
06089010400,0.121424
06089010500,0.033616
06089010601,0.026114
06089010602,0.12206
06089010603,0.109361
06089010702,0.161035
06089010703,0.099276
06089010704,0.062911
06089010803,0.017381
06089010804,0.002902
06089010805,0.005743
06089010806,0.132331
06089010807,0.066196
06089010900,0.046863
06089011001,0.002767
06089011002,0.203077
06089011100,0.00796
06089011209,0.041017
06089011300,0.005956
06089011401,0.019319
06089011402,0.005244
06089011403,0.006257
06089011501,0.04726
06089011502,0.022864
06089011600,0.121564
06089011701,0.088092
06089011702,0.278225
06089011703,0.142933
06089011801,0.022605
06089011802,0.055388
06089011803,0.074594
06089011900,0.01365
06089012000,0.150925
06089012101,0.053035
06089012102,0.034753
06089012200,0.090151
06089012301,0.230648
06089012302,0.02766
06089012303,0.002588
06089012400,0.055416
06089012500,0.177622
06089012603,0.168508
06089012604,0.027091
06089012605,0.00983
06089012606,0.087707
06089012701,0.181195
06089012702,0.117552
06091010000,0.085758
06093000300,0.074009
06093000701,0.197361
06093000800,0.171128
06093000901,0.162794
06093000902,0.17824
06093001001,0.1888
06093001002,0.280143
06093001003,0.092503
06093001100,0.153714
06093001200,0.167104
06093001300,0.133487
06097154100,0.112053
06101050101,0.007356
06101050102,0.04421
06101050201,0.060081
06101050202,0.026571
06101050301,0.046968
06101050302,0.005079
06101050401,0.006388
06101050402,0.023688
06101050403,0.045608
06101050501,0.164499
06101050503,0.257618
06101050504,0.336969
06101050601,0.088961
06101050603,0.010575
06101050604,0.151822
06101050701,0.189415
06101050702,0.07803
06101050800,0.068009
06101050900,0.110867
06101051000,0.090032
06101051100,0.086485
06103000100,0.245801
06103000201,0.224709
06103000202,0.033695
06103000300,0.109082
06103000400,0.180521
06103000500,0.228157
06103000600,0.155425
06103000701,0.196594
06103000702,0.144969
06103000800,0.150429
06103000900,0.085398
06103001000,0.064315
06103001101,0.174768
06103001102,0.200037
06105000101,0.182203
06105000102,0.138996
06105000200,0.121484
06105000500,0.084001
06113010102,0.057989
06113010103,0.001342
06113010104,0.028862
06113010105,0.015993
06113010201,0.034487
06113010203,0.092683
06113010204,0.106849
06113010313,0.012119
06113010315,0.033768
06113010401,0.143117
06113010505,0.129739
06113010800,0.198671
06113010901,0.099236
06113010902,0.289342
06113011001,0.11176
06113011002,0.045586
06113011101,0.018019
06113011102,0.083947
06113011103,0.052779
06113011203,0.003017
06113011204,0.014983
06113011207,0.230118
06113011208,0.07866
06113011209,0.05297
06113011210,0.005069
06113011211,0.01577
06113011400,0.143775
06113011500,0.115719
06115040100,0.103926
06115040201,0.298858
06115040202,0.161338
06115040301,0.007805
06115040302,0.033303
06115040304,0.011335
06115040305,0.005127
06115040400,0.0043
06115040500,0.011445
06115040600,0.016388
06115040701,0.016345
06115040702,0.093807
06115040800,0.004724
06115040901,0.010312
06115040902,0.009045
06115041001,0.071137
06115041002,0.003407
06115041101,0.115614
06115041102,0.1977
48001950100,0.01634
48001950401,0.029659
48001950402,0.15925
48001950500,0.111626
48001950600,0.132127
48001950700,0.139017
48001950800,0.123215
48001950901,0.060294
48001950902,0.043579
48001951001,0.03155
48001951002,0.163275
48001951100,0.112731
48005000102,0.075495
48005000104,0.098384
48007950101,0.281904
48007950102,0.170723
48007950103,0.071444
48007950200,0.299784
48007950301,0.08728
48007950302,0.136824
48007950400,0.207516
48007950501,0.069921
48007950502,0.181389
48007950503,0.172539
48009020200,0.097374
48009020300,0.131212
48013960101,0.034626
48013960102,0.144514
48013960203,0.078673
48013960204,0.007742
48013960205,0.06657
48013960206,0.058927
48013960300,0.120598
48013960401,0.402373
48013960403,0.205707
48013960404,0.270558
48013960500,0.03268
48013960601,0.119901
48013960602,0.028709
48015760100,0.003181
48015760201,0.054402
48015760202,0.07554
48015760301,0.014929
48015760302,0.05015
48015760400,0.038383
48015760501,0.033236
48015760502,0.077814
48019000101,0.113615
48019000103,0.131954
48019000104,0.170593
48019000200,0.118354
48019000301,0.082332
48019000302,0.096287
48019000400,0.061768
48021950101,0.013889
48021950102,0.078824
48021950201,0.094913
48021950202,0.106786
48021950301,0.030018
48021950302,0.007955
48021950303,0.033524
48021950401,0.080012
48021950402,0.129191
48021950403,0.087488
48021950503,0.066936
48021950504,0.026974
48021950505,0.017215
48021950506,0.056002
48021950601,0.013783
48021950602,0.022276
48021950700,0.071679
48021950803,0.04248
48021950804,0.004178
48021950805,0.166913
48021950806,0.16923
48023950301,0.12729
48023950302,0.239204
48025950100,0.012612
48025950201,0.156008
48025950203,0.059828
48025950204,0.115323
48025950300,0.029134
48025950400,0.152877
48025950501,0.203421
48025950502,0.180703
48025950600,0.151982
48027020101,0.122439
48027020102,0.013058
48027020201,0.073887
48027020203,0.153259
48027020204,0.107838
48027020301,0.110978
48027020302,0.071848
48027020401,0.019972
48027020402,0.044873
48027020500,0.122303
48027020600,0.099112
48027020701,0.110506
48027020702,0.015362
48027020800,0.080263
48027020900,0.140812
48027021000,0.091449
48027021101,0.119807
48027021102,0.008471
48027021201,0.095273
48027021202,0.048447
48027021203,0.091178
48027021301,0.043543
48027021302,0.11836
48027021304,0.074278
48027021305,0.013444
48027021400,0.062345
48027021501,0.013964
48027021502,0.057325
48027021601,0.08645
48027021602,0.147415
48027021701,0.035893
48027021702,0.146677
48027021801,0.145696
48027021802,0.049737
48027021901,0.110958
48027021905,0.050647
48027021906,0.0046
48027021907,0.015927
48027021908,0.032344
48027022001,0.123586
48027022002,0.007204
48027022101,0.00577
48027022103,0.017239
48027022104,0.024709
48027022105,0.018346
48027022200,0.023078
48027022300,0.049284
48027022401,0.053281
48027022402,0.003967
48027022403,0.009406
48027022405,0.082169
48027022406,0.070913
48027022407,0.001565
48027022501,0.136489
48027022503,0.018659
48027022504,0.003052
48027022600,0.14333
48027022801,0.004151
48027022900,0.173497
48027023001,0.015998
48027023002,0.010856
48027023103,0.144795
48027023104,0.081081
48027023109,0.037704
48027023110,0.026821
48027023111,0.057879
48027023112,0.0419
48027023113,0.010857
48027023114,0.003629
48027023115,0.011182
48027023116,0.046375
48027023117,0.087509
48027023118,0.140335
48027023201,0.103062
48027023202,0.050054
48027023203,0.1248
48027023204,0.031961
48027023301,0.037946
48027023302,0.055489
48027023402,0.009457
48027023404,0.020112
48027023405,0.0134
48027023406,0.020275
48027023500,0.19878
48027980001,0.156452
48027980002,0.327294
48027980003,0.044667
48029110100,0.047686
48029110300,0.014382
48029110500,0.008372
48029110600,0.027935
48029110700,0.055818
48029111000,0.021393
48029111100,0.017694
48029120100,0.024615
48029120301,0.089554
48029120302,0.025161
48029120401,0.034192
48029120402,0.110898
48029120502,0.10511
48029120503,0.006095
48029120504,0.032264
48029120601,0.066216
48029120602,0.135827
48029120701,0.022103
48029120702,0.119613
48029120800,0.006645
48029120901,0.017397
48029120902,0.035223
48029121000,0.020225
48029121110,0.022387
48029121111,0.042972
48029121112,0.067828
48029121115,0.016739
48029121116,0.031392
48029121117,0.015989
48029121118,0.030727
48029121119,0.008292
48029121120,0.016556
48029121121,0.00762
48029121122,0.017298
48029121123,0.042516
48029121124,0.021275
48029121203,0.097564
48029121204,0.039704
48029121205,0.039444
48029121206,0.013834
48029121300,0.002606
48029121402,0.008856
48029121403,0.004793
48029121404,0.048383
48029121501,0.026184
48029121504,0.013068
48029121505,0.038809
48029121506,0.039527
48029121507,0.007798
48029121508,0.00793
48029121601,0.067038
48029121604,0.020441
48029121605,0.006262
48029121606,0.02612
48029121701,0.229286
48029121702,0.02666
48029121802,0.030886
48029121803,0.009392
48029121804,0.011335
48029121808,0.003618
48029121809,0.013195
48029121810,0.025776
48029121811,0.002803
48029121812,0.013656
48029121813,0.048711
48029121903,0.004046
48029121904,0.028082
48029121905,0.091864
48029121906,0.010923
48029121908,0.031919
48029121909,0.010097
48029121910,0.00724
48029121911,0.006013
48029121912,0.022176
48029130200,0.032183
48029130300,0.006113
48029130401,0.066065
48029130402,0.080554
48029130500,0.021606
48029130600,0.007785
48029130700,0.011022
48029130800,0.030439
48029130900,0.023821
48029131000,0.050293
48029131100,0.004206
48029131200,0.186542
48029131300,0.136205
48029131401,0.118169
48029131402,0.103826
48029131503,0.029771
48029131504,0.047904
48029131505,0.008779
48029131506,0.044302
48029131507,0.012626
48029131601,0.128494
48029131606,0.110372
48029131608,0.03821
48029131609,0.023144
48029131610,0.048407
48029131612,0.05896
48029131614,0.01206
48029131615,0.038403
48029131616,0.15945
48029131700,0.055876
48029131801,0.051439
48029131802,0.099339
48029140100,0.045781
48029140200,0.08664
48029140300,0.060054
48029140400,0.042618
48029140500,0.038976
48029140600,0.021122
48029140700,0.007341
48029140800,0.009256
48029140900,0.032954
48029141000,0.029429
48029141101,0.018325
48029141102,0.050055
48029141200,0.00448
48029141300,0.048823
48029141402,0.131891
48029141403,0.11086
48029141404,0.006941
48029141600,0.116894
48029141700,0.060724
48029141800,0.10555
48029141900,0.209271
48029150100,0.065481
48029150300,0.01547
48029150400,0.050529
48029150501,0.038217
48029150502,0.002424
48029150600,0.02917
48029150700,0.010591
48029150800,0.271826
48029150900,0.035561
48029151000,0.048881
48029151100,0.043138
48029151200,0.033182
48029151301,0.022379
48029151302,0.09152
48029151400,0.062086
48029151500,0.108633
48029151600,0.011398
48029151700,0.073545
48029151900,0.076435
48029152000,0.046132
48029152100,0.26296
48029152201,0.042905
48029152202,0.074997
48029160100,0.040372
48029160200,0.061031
48029160300,0.124541
48029160400,0.006663
48029160501,0.008492
48029160502,0.062187
48029160600,0.003957
48029160701,0.03197
48029160702,0.004522
48029160901,0.121893
48029160902,0.014642
48029161000,0.107754
48029161100,0.043201
48029161200,0.058235
48029161302,0.038813
48029161303,0.014442
48029161304,0.009062
48029161400,0.196427
48029161501,0.048005
48029161503,0.124857
48029161504,0.002664
48029161600,0.015038
48029161801,0.064743
48029161802,0.078207
48029161901,0.063122
48029161902,0.06095
48029162001,0.127035
48029162003,0.164232
48029162004,0.092912
48029170101,0.214168
48029170102,0.006803
48029170200,0.005562
48029170300,0.012404
48029170401,0.025998
48029170402,0.006808
48029170500,0.186198
48029170600,0.016473
48029170700,0.004991
48029170800,0.004783
48029170900,0.006459
48029171000,0.008139
48029171100,0.004929
48029171200,0.034047
48029171301,0.006938
48029171302,0.007925
48029171401,0.002417
48029171402,0.049097
48029171501,0.005781
48029171502,0.003881
48029171601,0.007064
48029171602,0.041378
48029171700,0.021067
48029171801,0.018951
48029171802,0.017781
48029171903,0.031552
48029171912,0.010178
48029171913,0.146875
48029171914,0.010094
48029171915,0.024524
48029171916,0.012661
48029171917,0.011654
48029171918,0.00588
48029171919,0.022993
48029171920,0.003129
48029171921,0.064819
48029171922,0.007977
48029171923,0.073204
48029171924,0.00925
48029171926,0.014546
48029171927,0.017303
48029171928,0.003526
48029171929,0.00444
48029172002,0.093329
48029172003,0.037838
48029172004,0.004856
48029172005,0.01086
48029172006,0.010045
48029172008,0.012388
48029172009,0.032301
48029180101,0.00435
48029180102,0.004903
48029180201,0.041022
48029180202,0.006615
48029180300,0.062756
48029180400,0.235473
48029180501,0.124013
48029180503,0.008362
48029180504,0.006205
48029180602,0.021158
48029180603,0.031497
48029180604,0.087578
48029180701,0.043904
48029180702,0.007417
48029180800,0.036743
48029180901,0.026947
48029180902,0.02854
48029181001,0.034854
48029181003,0.135162
48029181004,0.101101
48029181005,0.036675
48029181100,0.009749
48029181200,0.009592
48029181301,0.045401
48029181302,0.074318
48029181303,0.113453
48029181402,0.066116
48029181403,0.287252
48029181404,0.108957
48029181503,0.024572
48029181504,0.017923
48029181505,0.010422
48029181506,0.03159
48029181601,0.038023
48029181602,0.012621
48029181703,0.022104
48029181704,0.080518
48029181705,0.058695
48029181711,0.006131
48029181712,0.045306
48029181713,0.005224
48029181715,0.003494
48029181716,0.03178
48029181718,0.004666
48029181720,0.02727
48029181721,0.034942
48029181722,0.003896
48029181723,0.006916
48029181724,0.117875
48029181725,0.057476
48029181726,0.00683
48029181727,0.012951
48029181729,0.003324
48029181730,0.015021
48029181731,0.004448
48029181732,0.02329
48029181733,0.001591
48029181808,0.007772
48029181809,0.014676
48029181811,0.097673
48029181813,0.014592
48029181814,0.018983
48029181815,0.110232
48029181816,0.006642
48029181817,0.005184
48029181818,0.005344
48029181819,0.010456
48029181820,0.015607
48029181821,0.027025
48029181822,0.033485
48029181823,0.0278
48029181824,0.001268
48029181825,0.037264
48029181826,0.010582
48029181901,0.01705
48029181902,0.011897
48029182001,0.027399
48029182002,0.113628
48029182003,0.010671
48029182101,0.05496
48029182102,0.036935
48029182103,0.13845
48029182105,0.034011
48029182106,0.077671
48029190100,0.042577
48029190200,0.008161
48029190400,0.007626
48029190501,0.036789
48029190503,0.012007
48029190504,0.087532
48029190601,0.071494
48029190603,0.009048
48029190604,0.029466
48029190700,0.01343
48029190800,0.033723
48029190901,0.012866
48029190902,0.063934
48029191003,0.004909
48029191004,0.008455
48029191005,0.057927
48029191006,0.014774
48029191101,0.014089
48029191102,0.01263
48029191201,0.003368
48029191202,0.012321
48029191303,0.012936
48029191304,0.010662
48029191405,0.004976
48029191406,0.027924
48029191408,0.020703
48029191409,0.023473
48029191410,0.051405
48029191411,0.007542
48029191412,0.005341
48029191413,0.014165
48029191503,0.01443
48029191504,0.046923
48029191505,0.017179
48029191506,0.037256
48029191701,0.168538
48029191702,0.013106
48029191804,0.006286
48029191806,0.014129
48029191807,0.011768
48029191808,0.030411
48029191809,0.055633
48029191810,0.017423
48029191811,0.009723
48029191812,0.00639
48029191813,0.011814
48029191814,0.016355
48029191815,0.043313
48029191816,0.051065
48029191818,0.02104
48029191819,0.006989
48029191900,0.050337
48029192000,0.042687
48029192100,0.043905
48029192200,0.155857
48029192300,0.020591
48029980001,0.07271
48029980002,0.199725
48029980003,0.033749
48029980004,0.123972
48029980005,0.017221
48029980100,0.023171
48031950101,0.141871
48031950102,0.076781
48031950201,0.104045
48031950202,0.078531
48033950100,0.252069
48035950100,0.045652
48035950200,0.135637
48035950300,0.197963
48035950400,0.127575
48035950500,0.029765
48035950600,0.207255
48035950700,0.047768
48039660100,0.053115
48039660200,0.064807
48039660301,0.038796
48039660302,0.002461
48039660303,0.029948
48039660401,0.02715
48039660402,0.006012
48039660403,0.077255
48039660501,0.251517
48039660502,0.010856
48039660503,0.058355
48039660504,0.009785
48039660603,0.007539
48039660604,0.002606
48039660605,0.00297
48039660606,0.031095
48039660607,0.017608
48039660608,0.028199
48039660609,0.005201
48039660610,0.05899
48039660611,0.030877
48039660612,0.017835
48039660613,0.00369
48039660614,0.205781
48039660615,0.005497
48039660616,0.003201
48039660703,0.019962
48039660704,0.024214
48039660705,0.012855
48039660706,0.04481
48039660707,0.007241
48039660708,0.045116
48039660803,0.002297
48039660804,0.106558
48039660805,0.003159
48039660806,0.031022
48039660901,0.134449
48039660902,0.04833
48039661000,0.122905
48039661100,0.134927
48039661200,0.157494
48039661300,0.165442
48039661400,0.032133
48039661501,0.056607
48039661502,0.076362
48039661601,0.262683
48039661602,0.077645
48039661700,0.122122
48039661800,0.090935
48039661901,0.043707
48039661902,0.01604
48039662000,0.016816
48039662100,0.105211
48039662200,0.122872
48039662300,0.213307
48039662400,0.155438
48039662500,0.063325
48039662600,0.178999
48039662700,0.03644
48039662800,0.011076
48039662900,0.121997
48039663000,0.174299
48039663100,0.103152
48039663200,0.008066
48039663300,0.044377
48039663400,0.059369
48039663500,0.033144
48039663600,0.01824
48039663700,0.084351
48039663800,0.063967
48039663900,0.093629
48039664000,0.078274
48039664100,0.026061
48039664200,0.06825
48039664300,0.043925
48039664400,0.0411
48039664501,0.015099
48039990000,0.027344
48041000103,0.309035
48041000104,0.198032
48041000105,0.003011
48041000106,0.215037
48041000107,0.005546
48041000108,0.262134
48041000203,0.039893
48041000204,0.026536
48041000205,0.09868
48041000206,0.017306
48041000207,0.057261
48041000301,0.110408
48041000302,0.09613
48041000401,0.073051
48041000402,0.048101
48041000501,0.145814
48041000502,0.031805
48041000603,0.00927
48041000605,0.006771
48041000606,0.014866
48041000700,0.006753
48041000800,0.052032
48041000900,0.015822
48041001001,0.014426
48041001002,0.021337
48041001101,0.007017
48041001102,0.029884
48041001301,0.014622
48041001302,0.056725
48041001303,0.10951
48041001401,0.042754
48041001604,0.004741
48041001605,0.024063
48041001606,0.032267
48041001607,0.129399
48041001608,0.003164
48041001702,0.08492
48041001703,0.098555
48041001704,0.083557
48041001801,0.01708
48041001803,0.003585
48041001804,0.022491
48041001901,0.043334
48041001902,0.022417
48041002001,0.033047
48041002006,0.036561
48041002009,0.027627
48041002010,0.04534
48041002011,0.009093
48041002014,0.016182
48041002016,0.030013
48041002017,0.025725
48041002018,0.013939
48041002019,0.001565
48041002020,0.028779
48041002021,0.007853
48041002022,0.014773
48041002023,0.011303
48041002024,0.01768
48041002025,0.04244
48041002026,0.23029
48041002100,0.008326
48041980000,0.003581
48047950100,0.146507
48047950200,0.15118
48049950100,0.037877
48049950201,0.016557
48049950202,0.181427
48049950300,0.217998
48049950500,0.028085
48049950600,0.147542
48049950700,0.066355
48049950800,0.092472
48049950900,0.006044
48049951000,0.015634
48049951100,0.040358
48049951200,0.186026
48049951300,0.029165
48051970100,0.095702
48051970201,0.044662
48051970202,0.036184
48051970300,0.169394
48051970400,0.091079
48051970501,0.17373
48051970502,0.013962
48053960101,0.01905
48053960102,0.043321
48053960200,0.156953
48053960301,0.199718
48053960302,0.157155
48053960401,0.102023
48053960402,0.047962
48053960501,0.050239
48053960502,0.044122
48053960600,0.025205
48053960701,0.087396
48053960702,0.056348
48053960801,0.090034
48053960802,0.210775
48053960803,0.015881
48055960102,0.027292
48055960103,0.124913
48055960104,0.153081
48055960200,0.047168
48055960300,0.175629
48055960400,0.069156
48055960501,0.047954
48055960502,0.129354
48055960600,0.153456
48055960701,0.076579
48055960702,0.132864
48057000100,0.088779
48057000200,0.1808
48057000300,0.270087
48057000401,0.103609
48057000402,0.160311
48057000501,0.164365
48057000502,0.174955
48057990000,0.03125
48059030101,0.009138
48059030102,0.010084
48059030200,0.039871
48061010101,0.017389
48061010102,0.307353
48061010103,0.040988
48061010201,0.056173
48061010204,0.097133
48061010205,0.151307
48061010301,0.042183
48061010303,0.009047
48061010304,0.03374
48061010403,0.244969
48061010404,0.010853
48061010405,0.044718
48061010406,0.02132
48061010500,0.088282
48061010602,0.343256
48061010603,0.096374
48061010604,0.134017
48061010700,0.063572
48061010801,0.057583
48061010802,0.045416
48061010900,0.189491
48061011000,0.12178
48061011100,0.084409
48061011200,0.149632
48061011301,0.145985
48061011302,0.335688
48061011401,0.0866
48061011402,0.241268
48061011500,0.168851
48061011601,0.089834
48061011602,0.089353
48061011701,0.175324
48061011702,0.194476
48061011801,0.147166
48061011802,0.044411
48061011903,0.020241
48061011904,0.087442
48061011905,0.177215
48061011906,0.027129
48061011907,0.088163
48061011908,0.022558
48061012002,0.030668
48061012003,0.032629
48061012004,0.058928
48061012103,0.128889
48061012104,0.0132
48061012105,0.006956
48061012106,0.00187
48061012201,0.106438
48061012202,0.009086
48061012203,0.002604
48061012301,0.026108
48061012304,0.047743
48061012305,0.09852
48061012402,0.124566
48061012403,0.112852
48061012404,0.058041
48061012506,0.065506
48061012508,0.050885
48061012509,0.078773
48061012510,0.072851
48061012511,0.163674
48061012512,0.352204
48061012513,0.101
48061012514,0.004259
48061012515,0.019857
48061012516,0.006286
48061012517,0.002441
48061012607,0.021423
48061012608,0.129074
48061012613,0.114767
48061012614,0.035482
48061012615,0.00529
48061012616,0.001709
48061012617,0.026802
48061012700,0.154896
48061012800,0.026204
48061012900,0.284718
48061013002,0.110679
48061013003,0.083312
48061013004,0.201881
48061013102,0.051894
48061013104,0.006063
48061013106,0.100068
48061013203,0.119656
48061013204,0.023048
48061013205,0.137252
48061013206,0.16977
48061013207,0.0603
48061013303,0.256611
48061013305,0.012858
48061013306,0.015544
48061013307,0.037149
48061013308,0.03304
48061013309,0.010173
48061013401,0.200789
48061013402,0.125634
48061013500,0.105471
48061013600,0.335107
48061013700,0.087446
48061013801,0.004158
48061013802,0.011026
48061013901,0.002623
48061013902,0.208962
48061013903,0.02927
48061014001,0.016649
48061014002,0.024255
48061014101,0.001872
48061014102,0.006673
48061014103,0.009475
48061014201,0.169904
48061014202,0.08794
48061014300,0.244856
48061014401,0.129042
48061014402,0.080801
48061014403,0.007205
48061014404,0.003135
48061014501,0.005307
48061014502,0.00179
48061980001,0.109472
48061980100,0.509115
48063950101,0.037988
48063950102,0.190166
48063950200,0.142856
48073950100,0.183088
48073950201,0.064491
48073950202,0.269388
48073950301,0.109195
48073950302,0.143569
48073950400,0.207494
48073950500,0.223104
48073950600,0.179159
48073950700,0.22547
48073950801,0.113492
48073950802,0.168609
48073950900,0.17259
48073951000,0.135468
48073951100,0.190906
48077030302,0.073574
48081950100,0.021872
48081950200,0.15437
48083950300,0.133492
48083950600,0.119247
48083950700,0.024332
48085030101,0.01484
48085030102,0.078917
48085030201,0.047841
48085030202,0.032639
48085030204,0.169122
48085030205,0.108697
48085030206,0.092219
48085030207,0.089738
48085030301,0.009529
48085030302,0.00256
48085030303,0.036935
48085030304,0.010954
48085030306,0.032299
48085030307,0.021238
48085030403,0.043111
48085030404,0.01107
48085030405,0.005398
48085030406,0.006416
48085030407,0.035063
48085030409,0.015507
48085030410,0.02195
48085030504,0.027438
48085030505,0.02141
48085030506,0.008853
48085030507,0.039177
48085030509,0.003341
48085030510,0.005335
48085030511,0.013475
48085030512,0.006711
48085030515,0.004261
48085030516,0.004187
48085030517,0.019064
48085030518,0.002526
48085030519,0.019193
48085030520,0.004169
48085030521,0.002328
48085030524,0.009817
48085030525,0.002699
48085030529,0.021514
48085030531,0.013554
48085030532,0.012402
48085030533,0.002421
48085030534,0.009825
48085030535,0.012036
48085030536,0.00291
48085030537,0.003672
48085030538,0.014618
48085030539,0.008691
48085030540,0.01911
48085030541,0.005226
48085030542,0.010841
48085030543,0.007168
48085030544,0.013145
48085030545,0.033177
48085030546,0.007279
48085030547,0.03387
48085030548,0.006057
48085030549,0.041765
48085030550,0.003993
48085030604,0.04239
48085030605,0.066203
48085030606,0.016963
48085030607,0.015676
48085030608,0.039064
48085030609,0.005488
48085030701,0.094321
48085030702,0.057528
48085030801,0.029483
48085030802,0.009434
48085030901,0.143176
48085030902,0.031331
48085030903,0.007229
48085031003,0.032565
48085031005,0.015392
48085031006,0.082063
48085031007,0.021682
48085031008,0.003235
48085031101,0.136035
48085031102,0.117329
48085031201,0.023786
48085031202,0.024789
48085031308,0.01971
48085031314,0.007275
48085031318,0.006067
48085031319,0.009874
48085031320,0.01412
48085031321,0.003273
48085031322,0.026037
48085031323,0.001288
48085031324,0.002563
48085031325,0.027832
48085031326,0.011307
48085031327,0.036651
48085031328,0.005712
48085031329,0.001835
48085031330,0.004082
48085031331,0.003132
48085031332,0.044449
48085031333,0.006348
48085031334,0.024748
48085031335,0.060967
48085031336,0.008839
48085031408,0.032648
48085031411,0.00304
48085031412,0.019462
48085031413,0.00473
48085031414,0.003833
48085031415,0.076616
48085031416,0.049405
48085031417,0.003581
48085031418,0.008993
48085031419,0.003353
48085031420,0.002995
48085031421,0.005371
48085031422,0.002939
48085031423,0.014229
48085031424,0.005178
48085031425,0.006332
48085031504,0.001644
48085031507,0.029105
48085031508,0.009191
48085031509,0.003582
48085031510,0.026837
48085031511,0.016255
48085031512,0.004191
48085031611,0.022586
48085031613,0.005309
48085031621,0.020361
48085031622,0.01165
48085031623,0.004833
48085031624,0.023899
48085031625,0.004232
48085031626,0.006266
48085031627,0.006104
48085031628,0.003825
48085031629,0.009359
48085031630,0.00533
48085031631,0.009766
48085031632,0.005334
48085031633,0.020345
48085031634,0.004122
48085031635,0.013666
48085031636,0.007275
48085031639,0.004542
48085031641,0.004089
48085031642,0.005616
48085031643,0.003011
48085031645,0.0479
48085031646,0.004666
48085031647,0.026955
48085031649,0.009262
48085031654,0.006557
48085031655,0.020155
48085031657,0.014907
48085031659,0.008688
48085031660,0.005552
48085031661,0.02264
48085031662,0.022692
48085031663,0.027041
48085031664,0.007899
48085031665,0.019227
48085031666,0.011656
48085031667,0.050836
48085031668,0.021074
48085031669,0.004937
48085031670,0.015143
48085031671,0.049127
48085031672,0.006551
48085031673,0.011792
48085031674,0.007488
48085031675,0.002943
48085031676,0.002044
48085031677,0.007487
48085031678,0.011027
48085031679,0.018693
48085031680,0.014111
48085031681,0.00651
48085031682,0.007975
48085031704,0.017441
48085031706,0.038627
48085031708,0.046027
48085031709,0.015079
48085031711,0.035029
48085031713,0.093822
48085031715,0.078079
48085031716,0.090932
48085031717,0.150831
48085031718,0.011479
48085031719,0.003499
48085031720,0.10565
48085031721,0.013276
48085031722,0.161457
48085031723,0.093042
48085031724,0.054677
48085031806,0.025083
48085031807,0.014841
48085031808,0.007578
48085031809,0.013948
48085031810,0.034855
48085031811,0.048096
48085031812,0.015145
48085031813,0.004015
48085031814,0.00429
48085031815,0.004891
48085031816,0.034615
48085031901,0.005552
48085031902,0.045903
48085031903,0.022594
48085031904,0.023569
48085032003,0.009129
48085032008,0.008382
48085032010,0.011713
48085032012,0.005192
48085032013,0.01964
48085032014,0.003296
48085032015,0.009196
48085032016,0.007303
48085032017,0.008634
48085032018,0.05997
48085032019,0.017443
48089750100,0.10127
48089750200,0.116043
48089750300,0.026203
48089750400,0.040157
48089750500,0.06104
48091310100,0.066384
48091310200,0.002639
48091310301,0.26242
48091310302,0.166015
48091310401,0.028094
48091310404,0.004533
48091310405,0.109006
48091310406,0.047584
48091310501,0.107033
48091310502,0.020528
48091310503,0.142662
48091310603,0.017317
48091310604,0.067743
48091310608,0.023736
48091310609,0.009477
48091310610,0.165962
48091310611,0.026848
48091310612,0.075868
48091310613,0.022474
48091310614,0.016188
48091310702,0.096446
48091310703,0.067886
48091310705,0.154719
48091310706,0.024674
48091310707,0.062484
48091310708,0.033768
48091310801,0.053308
48091310803,0.020732
48091310804,0.039233
48091310901,0.074456
48091310903,0.073087
48091310904,0.039539
48091310905,0.012016
48093950101,0.160412
48093950102,0.11891
48093950200,0.02836
48093950300,0.167275
48093950400,0.146371
48095950300,0.114208
48097000100,0.194446
48097000200,0.11239
48097000400,0.107412
48097000500,0.033218
48097000600,0.19028
48097000701,0.020006
48097000702,0.024943
48097000900,0.042907
48097001100,0.056967
48099010101,0.065943
48099010102,0.023731
48099010201,0.055957
48099010202,0.104082
48099010300,0.161518
48099010400,0.036191
48099010501,0.009032
48099010502,0.01332
48099010503,0.049589
48099010504,0.074553
48099010601,0.003492
48099010603,0.004806
48099010604,0.006962
48099010701,0.017092
48099010702,0.283986
48099010802,0.061648
48099010803,0.061006
48099010804,0.086091
48099980000,0.020012
48105950100,0.061786
48107950100,0.017966
48107950200,0.052774
48107950300,0.045893
48113000100,0.166049
48113000201,0.098399
48113000202,0.071947
48113000300,0.082086
48113000401,0.011833
48113000405,0.065587
48113000407,0.025123
48113000408,0.021845
48113000409,0.063398
48113000410,0.009217
48113000501,0.006632
48113000502,0.020203
48113000503,0.072952
48113000605,0.012098
48113000606,0.081669
48113000607,0.007566
48113000608,0.020103
48113000609,0.005945
48113000610,0.004154
48113000611,0.022908
48113000703,0.082719
48113000704,0.020101
48113000705,0.018996
48113000706,0.060024
48113000801,0.005005
48113000802,0.035609
48113000901,0.045021
48113000902,0.093443
48113001001,0.020603
48113001002,0.032432
48113001101,0.061077
48113001102,0.063567
48113001202,0.081025
48113001203,0.26848
48113001204,0.198559
48113001301,0.016721
48113001302,0.029347
48113001400,0.086462
48113001502,0.020019
48113001503,0.001963
48113001504,0.008464
48113001601,0.008335
48113001602,0.007729
48113001703,0.039487
48113001705,0.013501
48113001801,0.055623
48113001802,0.045079
48113001901,0.059022
48113001902,0.034863
48113002001,0.071476
48113002002,0.013585
48113002100,0.039604
48113002200,0.023362
48113002400,0.080718
48113002500,0.045655
48113002703,0.138005
48113003102,0.03315
48113003103,0.16314
48113003700,0.128939
48113004201,0.023684
48113004202,0.001365
48113004300,0.00815
48113004400,0.028966
48113004500,0.008544
48113004600,0.008381
48113004700,0.0224
48113004800,0.03059
48113005000,0.013253
48113005100,0.010613
48113005200,0.009149
48113005300,0.003174
48113005400,0.005791
48113005500,0.026544
48113005600,0.054009
48113005700,0.012712
48113005901,0.013239
48113005902,0.017335
48113006001,0.011329
48113006002,0.050331
48113006100,0.005331
48113006200,0.160879
48113006301,0.009757
48113006302,0.014784
48113006401,0.002635
48113006402,0.042709
48113006501,0.002453
48113006502,0.018813
48113006701,0.001936
48113006702,0.038497
48113006800,0.019376
48113006900,0.014655
48113007101,0.036211
48113007102,0.024086
48113007203,0.023569
48113007204,0.140346
48113007205,0.01692
48113007206,0.06141
48113007301,0.062223
48113007302,0.045224
48113007601,0.020411
48113007604,0.01332
48113007605,0.036027
48113007701,0.036627
48113007702,0.040878
48113007801,0.028388
48113007805,0.014732
48113007809,0.071798
48113007810,0.01545
48113007812,0.007008
48113007815,0.021667
48113007819,0.091258
48113007821,0.031726
48113007822,0.035417
48113007823,0.034567
48113007824,0.00974
48113007825,0.013779
48113007826,0.016439
48113007827,0.048249
48113007828,0.109662
48113007829,0.008155
48113007830,0.109157
48113007831,0.054493
48113007832,0.20367
48113007833,0.011818
48113007834,0.031298
48113007835,0.188275
48113007902,0.058167
48113007903,0.054589
48113007906,0.02705
48113007909,0.057425
48113007910,0.079094
48113007912,0.075031
48113007913,0.050649
48113007914,0.049774
48113007915,0.137827
48113007916,0.064195
48113008000,0.044003
48113008101,0.23358
48113008102,0.170987
48113008200,0.175215
48113008401,0.038483
48113008402,0.007119
48113008500,0.031734
48113008604,0.031438
48113008701,0.045263
48113008703,0.025103
48113008704,0.046155
48113008705,0.055535
48113008801,0.002954
48113008802,0.014121
48113009001,0.052912
48113009002,0.016644
48113009101,0.051822
48113009103,0.002082
48113009104,0.037737
48113009105,0.135538
48113009202,0.006955
48113009203,0.072846
48113009204,0.003416
48113009301,0.021147
48113009303,0.040726
48113009304,0.020436
48113009401,0.007663
48113009402,0.015478
48113009500,0.022638
48113009603,0.021944
48113009604,0.071963
48113009605,0.033559
48113009607,0.008035
48113009608,0.015592
48113009609,0.011919
48113009610,0.067853
48113009611,0.014254
48113009701,0.01404
48113009702,0.00306
48113009802,0.011763
48113009803,0.0129
48113009804,0.013018
48113009900,0.086899
48113010001,0.067229
48113010002,0.170065
48113010003,0.030479
48113010101,0.015897
48113010102,0.011858
48113010500,0.008396
48113010601,0.007502
48113010602,0.054756
48113010701,0.007929
48113010704,0.00482
48113010804,0.003693
48113010805,0.018034
48113010806,0.014839
48113010807,0.003902
48113010808,0.014351
48113010809,0.019869
48113010903,0.011783
48113010904,0.014573
48113010905,0.019327
48113010906,0.017757
48113011002,0.011465
48113011003,0.001588
48113011004,0.025251
48113011101,0.002279
48113011103,0.004636
48113011104,0.002301
48113011105,0.02692
48113011201,0.009058
48113011202,0.03366
48113011300,0.019551
48113011401,0.0105
48113011500,0.0402
48113011601,0.149208
48113011603,0.031344
48113011604,0.015748
48113011701,0.00304
48113011702,0.010839
48113011801,0.008029
48113011802,0.004305
48113011901,0.002593
48113011902,0.064771
48113012000,0.055762
48113012101,0.025599
48113012102,0.009711
48113012206,0.02483
48113012207,0.006892
48113012208,0.129069
48113012209,0.055222
48113012210,0.023443
48113012211,0.041362
48113012212,0.043571
48113012213,0.006956
48113012301,0.093218
48113012302,0.069598
48113012400,0.057158
48113012501,0.158589
48113012502,0.156358
48113012601,0.129934
48113012603,0.109261
48113012604,0.080619
48113012701,0.085032
48113012702,0.170464
48113012801,0.247991
48113012802,0.09416
48113012900,0.096899
48113013005,0.029661
48113013007,0.052838
48113013008,0.002019
48113013009,0.019923
48113013010,0.04773
48113013011,0.027183
48113013012,0.039577
48113013013,0.045371
48113013101,0.011209
48113013102,0.003948
48113013104,0.023579
48113013106,0.008031
48113013107,0.041873
48113013201,0.029771
48113013202,0.046051
48113013300,0.014324
48113013400,0.037916
48113013500,0.002885
48113013605,0.029621
48113013606,0.011098
48113013607,0.004635
48113013608,0.014245
48113013609,0.016182
48113013610,0.003579
48113013611,0.039276
48113013615,0.129453
48113013617,0.063566
48113013618,0.034939
48113013619,0.005857
48113013620,0.073566
48113013621,0.213638
48113013622,0.094764
48113013624,0.046188
48113013625,0.094472
48113013626,0.148853
48113013627,0.179617
48113013628,0.018271
48113013629,0.056136
48113013630,0.392459
48113013631,0.098649
48113013715,0.00765
48113013716,0.017111
48113013717,0.001928
48113013718,0.004483
48113013719,0.059166
48113013720,0.036473
48113013721,0.010584
48113013722,0.015534
48113013725,0.248653
48113013726,0.009305
48113013727,0.011747
48113013728,0.00436
48113013729,0.01687
48113013804,0.025147
48113013805,0.010753
48113013806,0.018995
48113013807,0.019097
48113013808,0.027996
48113013901,0.01516
48113013902,0.005915
48113014001,0.028284
48113014002,0.024867
48113014119,0.007519
48113014120,0.003954
48113014121,0.024671
48113014123,0.013227
48113014124,0.0333
48113014126,0.015901
48113014128,0.00504
48113014130,0.012646
48113014132,0.002675
48113014134,0.031842
48113014135,0.018033
48113014138,0.005121
48113014139,0.007401
48113014140,0.012402
48113014141,0.005923
48113014142,0.003373
48113014143,0.053415
48113014144,0.023769
48113014145,0.035287
48113014146,0.018646
48113014147,0.024934
48113014148,0.02422
48113014149,0.006931
48113014150,0.058322
48113014151,0.017231
48113014152,0.129203
48113014153,0.01904
48113014154,0.005992
48113014155,0.008949
48113014156,0.005378
48113014157,0.012169
48113014158,0.004084
48113014159,0.025198
48113014160,0.013079
48113014161,0.022247
48113014203,0.006663
48113014204,0.003399
48113014205,0.049746
48113014207,0.040494
48113014208,0.043526
48113014209,0.038028
48113014306,0.005825
48113014308,0.018154
48113014309,0.06024
48113014310,0.003884
48113014313,0.051453
48113014314,0.003079
48113014315,0.012607
48113014316,0.157598
48113014317,0.019756
48113014318,0.004318
48113014319,0.101158
48113014320,0.048127
48113014405,0.010782
48113014406,0.027455
48113014407,0.016375
48113014408,0.022893
48113014409,0.030878
48113014410,0.010101
48113014501,0.010539
48113014502,0.013909
48113014601,0.00509
48113014602,0.010681
48113014603,0.004109
48113014701,0.014581
48113014704,0.005154
48113014903,0.074986
48113015001,0.018111
48113015002,0.016311
48113015101,0.003937
48113015102,0.003761
48113015202,0.097905
48113015205,0.02549
48113015206,0.004083
48113015207,0.156168
48113015208,0.001837
48113015303,0.024339
48113015304,0.048031
48113015305,0.00866
48113015306,0.005275
48113015403,0.027099
48113015404,0.079069
48113015405,0.025186
48113015406,0.033482
48113015500,0.042942
48113015600,0.025507
48113015700,0.039963
48113015900,0.052086
48113016001,0.041864
48113016002,0.006149
48113016100,0.041366
48113016201,0.00518
48113016203,0.086423
48113016204,0.004344
48113016301,0.150838
48113016302,0.023811
48113016406,0.011679
48113016407,0.017967
48113016409,0.010967
48113016410,0.012746
48113016412,0.008293
48113016414,0.015018
48113016415,0.00322
48113016416,0.004478
48113016417,0.002289
48113016418,0.13211
48113016419,0.020606
48113016420,0.002584
48113016421,0.150672
48113016511,0.00479
48113016513,0.008172
48113016516,0.002266
48113016517,0.019671
48113016518,0.007516
48113016519,0.007559
48113016521,0.099373
48113016522,0.091886
48113016524,0.021295
48113016525,0.008481
48113016526,0.02465
48113016527,0.007687
48113016528,0.00376
48113016529,0.001726
48113016530,0.014986
48113016531,0.017323
48113016532,0.006237
48113016533,0.047252
48113016534,0.016054
48113016535,0.038499
48113016536,0.006383
48113016607,0.032297
48113016610,0.005364
48113016615,0.005477
48113016616,0.019298
48113016617,0.004113
48113016618,0.006597
48113016619,0.008681
48113016620,0.005648
48113016621,0.00856
48113016622,0.021439
48113016623,0.003917
48113016624,0.029198
48113016626,0.002776
48113016627,0.003505
48113016628,0.033047
48113016629,0.048779
48113016630,0.003099
48113016631,0.015115
48113016632,0.147567
48113016633,0.008847
48113016634,0.059558
48113016635,0.053901
48113016636,0.013726
48113016637,0.01497
48113016638,0.009799
48113016704,0.141121
48113016706,0.017112
48113016707,0.020781
48113016708,0.025977
48113016709,0.021578
48113016710,0.013974
48113016711,0.039457
48113016802,0.040199
48113016803,0.004893
48113016805,0.007287
48113016806,0.005146
48113016902,0.020201
48113016903,0.018934
48113017005,0.041463
48113017006,0.006485
48113017007,0.00551
48113017008,0.030683
48113017009,0.038411
48113017010,0.001924
48113017101,0.015179
48113017102,0.10895
48113017201,0.009082
48113017203,0.05696
48113017204,0.03635
48113017307,0.029614
48113017308,0.002024
48113017309,0.00442
48113017310,0.004558
48113017311,0.008296
48113017312,0.004249
48113017313,0.028433
48113017314,0.002461
48113017315,0.01154
48113017400,0.004001
48113017500,0.077955
48113017602,0.007749
48113017604,0.071038
48113017605,0.0054
48113017606,0.015268
48113017703,0.007086
48113017704,0.020353
48113017705,0.034506
48113017706,0.00827
48113017805,0.017929
48113017806,0.029043
48113017808,0.04127
48113017811,0.075693
48113017812,0.086355
48113017814,0.051919
48113017815,0.0051
48113017816,0.029333
48113017817,0.052945
48113017818,0.005316
48113017819,0.051372
48113017820,0.0467
48113017900,0.070028
48113018001,0.068348
48113018002,0.076292
48113018105,0.012936
48113018110,0.009619
48113018111,0.117109
48113018120,0.003231
48113018121,0.005952
48113018126,0.119505
48113018127,0.104959
48113018128,0.116324
48113018129,0.051507
48113018130,0.056868
48113018132,0.024608
48113018133,0.140361
48113018134,0.026485
48113018135,0.009816
48113018137,0.015315
48113018138,0.002817
48113018140,0.080397
48113018141,0.045984
48113018142,0.029408
48113018143,0.043239
48113018144,0.012749
48113018145,0.049066
48113018146,0.008348
48113018147,0.001587
48113018148,0.021051
48113018149,0.022377
48113018150,0.002921
48113018151,0.018977
48113018152,0.032347
48113018153,0.002819
48113018154,0.03517
48113018155,0.003926
48113018156,0.042436
48113018157,0.009023
48113018158,0.1672
48113018159,0.018778
48113018203,0.03381
48113018204,0.008307
48113018205,0.001197
48113018206,0.004434
48113018300,0.010399
48113018401,0.039355
48113018402,0.050733
48113018403,0.126691
48113018501,0.067097
48113018505,0.049671
48113018506,0.015917
48113018507,0.011324
48113018508,0.019939
48113018600,0.00696
48113018700,0.156117
48113018801,0.00359
48113018802,0.024332
48113018900,0.014341
48113019013,0.0077
48113019016,0.141629
48113019018,0.002073
48113019019,0.050988
48113019020,0.038087
48113019023,0.002437
48113019024,0.003061
48113019025,0.306828
48113019026,0.010225
48113019027,0.006726
48113019028,0.003057
48113019029,0.023521
48113019031,0.012566
48113019032,0.014493
48113019033,0.018235
48113019034,0.007536
48113019035,0.006047
48113019036,0.24951
48113019037,0.006318
48113019039,0.012909
48113019040,0.018497
48113019041,0.008115
48113019042,0.012776
48113019044,0.027705
48113019045,0.033711
48113019046,0.003769
48113019047,0.001886
48113019048,0.004378
48113019049,0.044983
48113019050,0.053664
48113019051,0.026555
48113019052,0.014537
48113019053,0.126973
48113019101,0.021302
48113019102,0.099436
48113019202,0.005983
48113019203,0.005384
48113019205,0.00765
48113019208,0.012278
48113019210,0.011661
48113019211,0.008682
48113019212,0.008476
48113019213,0.065738
48113019214,0.003596
48113019215,0.023489
48113019216,0.010015
48113019301,0.016487
48113019302,0.025994
48113019400,0.004209
48113019501,0.143629
48113019502,0.016398
48113019600,0.013369
48113019700,0.008905
48113019800,0.030854
48113019900,0.033586
48113020000,0.008835
48113020100,0.067329
48113020200,0.083119
48113020300,0.023979
48113020401,0.056485
48113020402,0.027307
48113020500,0.003673
48113020600,0.020678
48113020700,0.011313
48113020800,0.00984
48113020900,0.018335
48113021000,0.004582
48113021100,0.096485
48113021200,0.034089
48113980000,0.107335
48113980100,0.140915
48113980200,0.001139
48115950401,0.140511
48115950402,0.148856
48115950500,0.218648
48115950600,0.11726
48119950100,0.051324
48119950200,0.110146
48121020109,0.005724
48121020110,0.019011
48121020111,0.018778
48121020112,0.084626
48121020115,0.003592
48121020116,0.008355
48121020117,0.07693
48121020118,0.135728
48121020119,0.003564
48121020120,0.022333
48121020121,0.060311
48121020122,0.030994
48121020123,0.07994
48121020124,0.001761
48121020125,0.063892
48121020126,0.004406
48121020127,0.020669
48121020128,0.062135
48121020129,0.009276
48121020130,0.030331
48121020131,0.040744
48121020132,0.036123
48121020133,0.003552
48121020134,0.018127
48121020135,0.119709
48121020136,0.160315
48121020137,0.083148
48121020203,0.008441
48121020204,0.056975
48121020205,0.041366
48121020206,0.115298
48121020207,0.102966
48121020208,0.003532
48121020305,0.021097
48121020310,0.022699
48121020311,0.02726
48121020312,0.017955
48121020313,0.013968
48121020314,0.050221
48121020315,0.055575
48121020316,0.04971
48121020317,0.005278
48121020318,0.031191
48121020319,0.055819
48121020320,0.020545
48121020321,0.001323
48121020322,0.014409
48121020402,0.162343
48121020403,0.01915
48121020404,0.118303
48121020405,0.087144
48121020504,0.040531
48121020505,0.108425
48121020506,0.156677
48121020507,0.007576
48121020508,0.153809
48121020601,0.058502
48121020603,0.147693
48121020604,0.00611
48121020605,0.079019
48121020700,0.007665
48121020800,0.05058
48121020900,0.011693
48121021000,0.009738
48121021100,0.036957
48121021202,0.023838
48121021203,0.209107
48121021204,0.038759
48121021301,0.195793
48121021304,0.010964
48121021305,0.085676
48121021306,0.057552
48121021307,0.00476
48121021410,0.029299
48121021411,0.110679
48121021412,0.108492
48121021413,0.160023
48121021414,0.174562
48121021415,0.02428
48121021416,0.00226
48121021417,0.017753
48121021418,0.013245
48121021419,0.01473
48121021420,0.018463
48121021421,0.029953
48121021422,0.00544
48121021423,0.01136
48121021502,0.046612
48121021505,0.028633
48121021512,0.011141
48121021513,0.062753
48121021514,0.00615
48121021516,0.003718
48121021517,0.233253
48121021518,0.023357
48121021520,0.007808
48121021521,0.074704
48121021522,0.018828
48121021526,0.014907
48121021528,0.008142
48121021529,0.003218
48121021530,0.026092
48121021531,0.011717
48121021532,0.009999
48121021533,0.002942
48121021534,0.005013
48121021535,0.010455
48121021536,0.047484
48121021537,0.039333
48121021538,0.003206
48121021539,0.011104
48121021540,0.003883
48121021611,0.015135
48121021612,0.011939
48121021613,0.007468
48121021614,0.00777
48121021615,0.015482
48121021616,0.004326
48121021618,0.016601
48121021619,0.012745
48121021620,0.029131
48121021621,0.016807
48121021622,0.008121
48121021626,0.015157
48121021630,0.003811
48121021631,0.017569
48121021632,0.004208
48121021633,0.007
48121021634,0.032061
48121021635,0.00649
48121021637,0.017526
48121021638,0.005331
48121021639,0.008495
48121021640,0.003982
48121021641,0.048285
48121021642,0.054246
48121021643,0.006881
48121021644,0.011789
48121021645,0.078203
48121021646,0.022356
48121021647,0.019585
48121021648,0.001612
48121021649,0.074298
48121021650,0.017861
48121021651,0.008423
48121021652,0.004665
48121021653,0.011537
48121021654,0.049971
48121021655,0.018864
48121021715,0.006917
48121021716,0.032852
48121021717,0.003906
48121021719,0.013613
48121021720,0.017952
48121021721,0.001885
48121021722,0.01054
48121021723,0.014698
48121021724,0.004654
48121021725,0.03672
48121021726,0.00509
48121021727,0.005902
48121021728,0.098226
48121021729,0.011013
48121021730,0.005919
48121021731,0.003906
48121021732,0.316067
48121021733,0.032226
48121021734,0.081819
48121021735,0.015383
48121021736,0.016817
48121021737,0.038023
48121021738,0.045754
48121021739,0.11547
48121021740,0.008026
48121021741,0.001275
48121021742,0.017592
48121021743,0.071777
48121021744,0.032013
48121021745,0.016856
48121021746,0.015494
48121021748,0.025017
48121021749,0.020208
48121021750,0.010292
48121021751,0.008337
48121021752,0.003525
48121021754,0.040045
48121021755,0.006211
48121021756,0.059976
48121021757,0.050731
48121021758,0.007435
48121021759,0.033217
48121021800,0.011087
48121021900,0.003705
48123970100,0.035821
48123970201,0.243071
48123970202,0.098378
48123970300,0.091606
48123970400,0.061617
48123970500,0.090764
48125950300,0.105334
48127950201,0.141863
48127950202,0.10242
48127950400,0.15711
48131950100,0.032745
48131950200,0.063899
48131950500,0.015811
48133950100,0.053874
48133950201,0.032156
48133950202,0.039257
48133950301,0.118798
48133950302,0.050057
48133950400,0.024369
48133950500,0.014689
48137950300,0.116188
48139060103,0.024745
48139060104,0.023282
48139060105,0.012484
48139060106,0.005854
48139060206,0.102073
48139060207,0.054827
48139060209,0.007574
48139060211,0.018153
48139060212,0.018629
48139060215,0.012388
48139060216,0.105197
48139060217,0.007648
48139060218,0.002166
48139060219,0.020542
48139060220,0.004383
48139060221,0.005096
48139060300,0.0009
48139060400,0.111492
48139060500,0.032352
48139060601,0.0904
48139060602,0.026285
48139060702,0.047197
48139060704,0.061688
48139060801,0.011677
48139060802,0.048023
48139060803,0.03296
48139060900,0.007616
48139061000,0.106694
48139061100,0.021737
48139061200,0.091093
48139061300,0.054405
48139061401,0.057194
48139061402,0.016874
48139061500,0.073931
48139061600,0.04828
48139061700,0.059616
48143950100,0.091848
48143950201,0.064654
48143950203,0.055541
48143950204,0.029258
48143950301,0.079988
48143950302,0.118646
48143950401,0.225745
48143950402,0.101474
48143950501,0.10356
48143950502,0.148193
48143950600,0.171
48143950700,0.135339
48145000200,0.133798
48145000300,0.193372
48145000400,0.152243
48145000500,0.036008
48145000700,0.028095
48145000800,0.044301
48147950100,0.03665
48147950300,0.07313
48147950401,0.229351
48147950402,0.124956
48147950500,0.176263
48147950600,0.251081
48147950701,0.039266
48147950702,0.092668
48147950800,0.071726
48149970100,0.040772
48149970200,0.125056
48149970301,0.126696
48149970302,0.060891
48149970400,0.060021
48149970500,0.032628
48149970601,0.034411
48149970602,0.0775
48149970700,0.065981
48151950300,0.030771
48151950400,0.158726
48155950100,0.016631
48157670101,0.004285
48157670102,0.026508
48157670201,0.002384
48157670202,0.013353
48157670300,0.058193
48157670400,0.004934
48157670500,0.100007
48157670602,0.006208
48157670603,0.00482
48157670604,0.002103
48157670700,0.066081
48157670801,0.167672
48157670802,0.004351
48157670803,0.027358
48157670804,0.215216
48157670902,0.203891
48157670903,0.159878
48157670904,0.003372
48157671001,0.004212
48157671002,0.007022
48157671101,0.069518
48157671102,0.008275
48157671200,0.003144
48157671300,0.010562
48157671401,0.019313
48157671402,0.019953
48157671501,0.005179
48157671502,0.047642
48157671601,0.020649
48157671602,0.024504
48157671700,0.036046
48157671800,0.023371
48157671900,0.014664
48157672002,0.059741
48157672003,0.006834
48157672004,0.004147
48157672100,0.10159
48157672201,0.074501
48157672202,0.00878
48157672303,0.030067
48157672304,0.004044
48157672305,0.039201
48157672306,0.009831
48157672401,0.047695
48157672402,0.040696
48157672500,0.008349
48157672602,0.003665
48157672603,0.003127
48157672604,0.007432
48157672701,0.006027
48157672702,0.004802
48157672703,0.018192
48157672801,0.050009
48157672802,0.061395
48157672901,0.007242
48157672902,0.002348
48157672903,0.028819
48157672904,0.046875
48157672905,0.035719
48157672906,0.013831
48157672907,0.003467
48157673004,0.006325
48157673005,0.008299
48157673006,0.008829
48157673007,0.015049
48157673008,0.004166
48157673009,0.04145
48157673010,0.003155
48157673103,0.046954
48157673104,0.006084
48157673105,0.028141
48157673106,0.017775
48157673107,0.005012
48157673108,0.008043
48157673109,0.009344
48157673110,0.004436
48157673111,0.007019
48157673112,0.022174
48157673113,0.002216
48157673201,0.003119
48157673202,0.016371
48157673300,0.025646
48157673401,0.005461
48157673402,0.022355
48157673403,0.027924
48157673404,0.022544
48157673501,0.03266
48157673502,0.009024
48157673600,0.036846
48157673700,0.095198
48157673801,0.222829
48157673802,0.088119
48157673902,0.014771
48157673903,0.015726
48157673904,0.185672
48157674001,0.004033
48157674002,0.01551
48157674100,0.006126
48157674200,0.016996
48157674301,0.005554
48157674302,0.007177
48157674401,0.005563
48157674402,0.023908
48157674403,0.013102
48157674404,0.039404
48157674503,0.003734
48157674504,0.02219
48157674505,0.028309
48157674506,0.004069
48157674507,0.041598
48157674508,0.046305
48157674601,0.100718
48157674602,0.130812
48157674603,0.012956
48157674604,0.070423
48157674701,0.171373
48157674702,0.03883
48157674800,0.026025
48157674900,0.261636
48157675000,0.156011
48157675101,0.015367
48157675102,0.045331
48157675200,0.252358
48157675300,0.203904
48157675401,0.187023
48157675402,0.17063
48157675501,0.076834
48157675502,0.026764
48157675503,0.003337
48157675600,0.0154
48157675701,0.013231
48157675702,0.003021
48157675800,0.064059
48159950101,0.046192
48159950102,0.032377
48159950200,0.111592
48159950300,0.107808
48161000101,0.029163
48161000102,0.211928
48161000200,0.173265
48161000300,0.107596
48161000400,0.055428
48161000600,0.023849
48161000700,0.110724
48161000900,0.196851
48163950101,0.019478
48163950102,0.044808
48163950201,0.153735
48163950202,0.047482
48163950301,0.146635
48163950302,0.10389
48167720100,0.009479
48167720200,0.020546
48167720301,0.04118
48167720302,0.005772
48167720400,0.05229
48167720501,0.017213
48167720504,0.002686
48167720505,0.035654
48167720506,0.005878
48167720507,0.007229
48167720508,0.018215
48167720509,0.114809
48167720510,0.032428
48167720511,0.044273
48167720512,0.00241
48167720601,0.013806
48167720602,0.007752
48167720603,0.002969
48167720604,0.012106
48167720605,0.035156
48167720701,0.058566
48167720702,0.062828
48167720703,0.032835
48167720800,0.011951
48167720900,0.087853
48167721101,0.021543
48167721203,0.110142
48167721204,0.004263
48167721205,0.012255
48167721206,0.127394
48167721209,0.09691
48167721301,0.004284
48167721302,0.015382
48167721401,0.003237
48167721403,0.004626
48167721501,0.083977
48167721502,0.041085
48167721901,0.006646
48167723300,0.015444
48167723401,0.111092
48167723402,0.029533
48167723403,0.039538
48167723503,0.197547
48167723504,0.207543
48167723505,0.030612
48169950101,0.051905
48169950102,0.024101
48169980000,0.252588
48171950100,0.112467
48171950200,0.033125
48171950301,0.224381
48171950302,0.142632
48171950401,0.09864
48171950402,0.263268
48171950500,0.184225
48173950100,0.062867
48175960100,0.151657
48175960200,0.064094
48177000100,0.145154
48177000200,0.082902
48177000300,0.191638
48177000400,0.199896
48177000500,0.144688
48177000600,0.015912
48181000101,0.062637
48181000102,0.064939
48181000302,0.077411
48181000304,0.046811
48181000600,0.076055
48181000700,0.202698
48181000800,0.008348
48181000901,0.172922
48181000903,0.03788
48181000904,0.036163
48181001101,0.028876
48181001103,0.124394
48181001104,0.037378
48181001200,0.004899
48181001300,0.192279
48181001400,0.091189
48181001500,0.115952
48181001700,0.009343
48181001801,0.049016
48181001802,0.018674
48181001803,0.101727
48181001901,0.091597
48181001902,0.01781
48181002000,0.041996
48183010100,0.019343
48183010201,0.150987
48183010202,0.046786
48183010401,0.103212
48183010402,0.054516
48183010700,0.085775
48185180101,0.030128
48185180102,0.092822
48185180201,0.048054
48185180202,0.025117
48185180302,0.090589
48185180303,0.005828
48185180304,0.087245
48185180400,0.041313
48187210100,0.138907
48187210200,0.109006
48187210300,0.208484
48187210400,0.118053
48187210505,0.038007
48187210506,0.091202
48187210508,0.096615
48187210509,0.239105
48187210510,0.192657
48187210511,0.151985
48187210512,0.222006
48187210513,0.046064
48187210603,0.023734
48187210606,0.013653
48187210608,0.150504
48187210609,0.008292
48187210610,0.029037
48187210611,0.001465
48187210612,0.074056
48187210613,0.008916
48187210614,0.02377
48187210705,0.035964
48187210706,0.029108
48187210707,0.024479
48187210709,0.021931
48187210710,0.044507
48187210711,0.016803
48187210712,0.007812
48187210713,0.001926
48187210715,0.010268
48187210716,0.002732
48187210717,0.004427
48187210718,0.005391
48187210803,0.019764
48187210804,0.107761
48187210805,0.087918
48187210806,0.15606
48187210902,0.036585
48187210903,0.049851
48187210904,0.239753
48187210905,0.015611
48193950100,0.044558
48193950200,0.112761
48193950300,0.067159
48201100001,0.103299
48201210400,0.00627
48201210500,0.004542
48201210600,0.006081
48201210700,0.005412
48201210800,0.017097
48201210900,0.024973
48201211000,0.029257
48201211101,0.052422
48201211102,0.003627
48201211200,0.002286
48201211301,0.043213
48201211302,0.051579
48201211400,0.015381
48201211501,0.049921
48201211502,0.072154
48201211600,0.046002
48201211700,0.039579
48201211900,0.002471
48201212300,0.033542
48201212400,0.021838
48201212500,0.042514
48201220100,0.017342
48201220200,0.005438
48201220300,0.017868
48201220400,0.028265
48201220500,0.02614
48201220600,0.011499
48201220701,0.047991
48201220702,0.040202
48201220800,0.056429
48201220900,0.061569
48201221000,0.010508
48201221100,0.010372
48201221200,0.008125
48201221301,0.03786
48201221302,0.005012
48201221400,0.00705
48201221501,0.007107
48201221502,0.027488
48201221601,0.00913
48201221602,0.022193
48201221701,0.00503
48201221702,0.032104
48201221800,0.034651
48201221900,0.073332
48201222000,0.016165
48201222100,0.0338
48201222200,0.038655
48201222300,0.006723
48201222401,0.06783
48201222402,0.012947
48201222501,0.006653
48201222502,0.21019
48201222504,0.012926
48201222505,0.021251
48201222601,0.01031
48201222602,0.004179
48201222701,0.012664
48201222702,0.046347
48201222800,0.03053
48201222900,0.036732
48201223001,0.011973
48201223002,0.006084
48201223100,0.026138
48201230100,0.009533
48201230200,0.006018
48201230300,0.007485
48201230400,0.005514
48201230500,0.046017
48201230600,0.050082
48201230700,0.007482
48201230800,0.031115
48201230900,0.007094
48201231000,0.00716
48201231100,0.107176
48201231200,0.006758
48201231300,0.001887
48201231400,0.001431
48201231500,0.025631
48201231600,0.007599
48201231700,0.081563
48201231800,0.027126
48201231900,0.017786
48201232000,0.008418
48201232100,0.057071
48201232201,0.012833
48201232202,0.027856
48201232203,0.101124
48201232303,0.006629
48201232304,0.063581
48201232305,0.042284
48201232306,0.031189
48201232402,0.019877
48201232403,0.024434
48201232404,0.039031
48201232405,0.053699
48201232500,0.123961
48201232600,0.01856
48201232701,0.027224
48201232703,0.038283
48201232704,0.033694
48201232801,0.049654
48201232802,0.016195
48201232901,0.027275
48201232902,0.046693
48201233001,0.032184
48201233002,0.026697
48201233003,0.017172
48201233101,0.016328
48201233103,0.064599
48201233104,0.037924
48201233105,0.039382
48201233200,0.015599
48201233300,0.052981
48201233400,0.012902
48201233501,0.01379
48201233502,0.034317
48201233600,0.03085
48201233701,0.051344
48201233702,0.02047
48201233703,0.057784
48201240101,0.018749
48201240102,0.042632
48201240400,0.021141
48201240503,0.005757
48201240504,0.006223
48201240505,0.012612
48201240506,0.002976
48201240600,0.014959
48201240703,0.02047
48201240704,0.014912
48201240705,0.006648
48201240706,0.042485
48201240707,0.025648
48201240802,0.005107
48201240803,0.021575
48201240804,0.018245
48201240903,0.029135
48201240904,0.009427
48201240905,0.010765
48201240906,0.004481
48201241001,0.033042
48201241002,0.005363
48201241101,0.011217
48201241103,0.003988
48201241104,0.007894
48201241105,0.190569
48201241201,0.010379
48201241202,0.212097
48201241301,0.025107
48201241302,0.011351
48201241400,0.020805
48201241501,0.033164
48201241502,0.024868
48201241503,0.04919
48201250101,0.044173
48201250102,0.089301
48201250201,0.021505
48201250202,0.025204
48201250303,0.108906
48201250304,0.054241
48201250305,0.025801
48201250306,0.013201
48201250403,0.042386
48201250404,0.004813
48201250405,0.027434
48201250406,0.058607
48201250407,0.122599
48201250408,0.004915
48201250500,0.021824
48201250601,0.062723
48201250602,0.05765
48201250701,0.011316
48201250702,0.00719
48201250801,0.008088
48201250802,0.031729
48201250901,0.021858
48201250902,0.02598
48201251000,0.055673
48201251100,0.028321
48201251200,0.024985
48201251300,0.005513
48201251401,0.014007
48201251402,0.002101
48201251501,0.005995
48201251503,0.002279
48201251504,0.001318
48201251505,0.007497
48201251600,0.045752
48201251701,0.009555
48201251702,0.015864
48201251800,0.357422
48201251902,0.040813
48201251903,0.057373
48201251904,0.006819
48201252001,0.002814
48201252002,0.049813
48201252003,0.044313
48201252100,0.011329
48201252201,0.087325
48201252202,0.133497
48201252303,0.002765
48201252304,0.013864
48201252305,0.008557
48201252306,0.019578
48201252400,0.024257
48201252500,0.144968
48201252601,0.039494
48201252602,0.123302
48201252700,0.10813
48201252800,0.013866
48201252901,0.035439
48201252902,0.008652
48201253000,0.058978
48201253202,0.015416
48201253300,0.007369
48201253502,0.032527
48201310101,0.011946
48201310102,0.012413
48201310200,0.010725
48201310300,0.001969
48201310400,0.007704
48201310500,0.012934
48201310600,0.002056
48201310700,0.022759
48201310800,0.015927
48201310900,0.005361
48201311001,0.073948
48201311002,0.127211
48201311100,0.015758
48201311200,0.042337
48201311300,0.002824
48201311400,0.006219
48201311501,0.006323
48201311502,0.021445
48201311600,0.025946
48201311701,0.018538
48201311702,0.045133
48201311800,0.055436
48201311900,0.01303
48201312000,0.041915
48201312200,0.04129
48201312300,0.011309
48201312400,0.014621
48201312501,0.01581
48201312502,0.014257
48201312601,0.095278
48201312602,0.027294
48201312603,0.02239
48201312700,0.015599
48201312800,0.023744
48201312901,0.013791
48201312902,0.006636
48201313000,0.014267
48201313101,0.014534
48201313102,0.087639
48201313201,0.034633
48201313202,0.009336
48201313300,0.004279
48201313400,0.004488
48201313500,0.006124
48201313600,0.01482
48201313700,0.03819
48201313801,0.024737
48201313802,0.013872
48201313901,0.03536
48201313902,0.006664
48201314001,0.049665
48201314003,0.116836
48201314004,0.019368
48201314005,0.022657
48201314301,0.062586
48201314302,0.03938
48201314401,0.133874
48201314402,0.215673
48201320100,0.009437
48201320201,0.026472
48201320202,0.012191
48201320500,0.02575
48201320601,0.005974
48201320602,0.009652
48201320700,0.039509
48201320800,0.14218
48201320901,0.035387
48201320902,0.002474
48201321001,0.032333
48201321002,0.05262
48201321101,0.052548
48201321102,0.020932
48201321200,0.02593
48201321301,0.024734
48201321302,0.06848
48201321401,0.016414
48201321402,0.096976
48201321500,0.065584
48201321600,0.052437
48201321700,0.005656
48201321800,0.03249
48201321900,0.010228
48201322000,0.059854
48201322100,0.01056
48201322200,0.007807
48201322600,0.081028
48201322701,0.015794
48201322702,0.023509
48201322800,0.027186
48201322900,0.009768
48201323000,0.019346
48201323100,0.015782
48201323200,0.02369
48201323300,0.013325
48201323400,0.013017
48201323500,0.034082
48201323601,0.023776
48201323602,0.058143
48201323701,0.032309
48201323702,0.039336
48201323801,0.004868
48201323802,0.007105
48201323900,0.040863
48201324000,0.032615
48201324101,0.088309
48201324102,0.248662
48201324200,0.082971
48201330101,0.016619
48201330102,0.010369
48201330200,0.006694
48201330301,0.065158
48201330302,0.03521
48201330303,0.02181
48201330400,0.043073
48201330500,0.013259
48201330600,0.011423
48201330700,0.057229
48201330801,0.058777
48201330802,0.088244
48201330901,0.007588
48201330902,0.006149
48201331100,0.01407
48201331200,0.008424
48201331300,0.027235
48201331400,0.047429
48201331501,0.17339
48201331502,0.00222
48201331602,0.002798
48201331603,0.006698
48201331604,0.00753
48201331700,0.043439
48201331800,0.016288
48201331900,0.02539
48201332000,0.025525
48201332100,0.033102
48201332200,0.004856
48201332300,0.01748
48201332400,0.007273
48201332500,0.008514
48201332600,0.003626
48201332700,0.030086
48201332800,0.045926
48201332900,0.016466
48201333000,0.025248
48201333100,0.009164
48201333201,0.029395
48201333203,0.00665
48201333204,0.024539
48201333205,0.076532
48201333301,0.032537
48201333302,0.006716
48201333501,0.028016
48201333502,0.125576
48201333600,0.091896
48201333700,0.053064
48201333801,0.090403
48201333802,0.006227
48201333903,0.013417
48201333904,0.027598
48201333905,0.009543
48201333906,0.017934
48201334001,0.0062
48201334002,0.080571
48201334003,0.047014
48201334101,0.032915
48201334102,0.068087
48201340101,0.069551
48201340102,0.01513
48201340201,0.169076
48201340202,0.024916
48201340203,0.016255
48201340301,0.016273
48201340302,0.016517
48201340400,0.017642
48201340501,0.01085
48201340502,0.053552
48201340600,0.013179
48201340701,0.019902
48201340702,0.013878
48201340800,0.006885
48201340900,0.05923
48201341001,0.081466
48201341002,0.045918
48201341101,0.019921
48201341102,0.036471
48201341201,0.040891
48201341203,0.071965
48201341204,0.061432
48201341302,0.094313
48201341303,0.023659
48201341304,0.086303
48201341400,0.048806
48201341501,0.016509
48201341502,0.049436
48201342001,0.009992
48201342002,0.035592
48201342100,0.014353
48201342200,0.058746
48201342300,0.007585
48201342400,0.076422
48201342500,0.093469
48201342700,0.044881
48201342801,0.024725
48201342802,0.115853
48201342900,0.004589
48201343000,0.027372
48201343100,0.057732
48201343200,0.019165
48201343301,0.024022
48201343302,0.02156
48201343601,0.237617
48201343700,0.134654
48201350101,0.054279
48201350102,0.008296
48201350103,0.002014
48201350104,0.041496
48201350201,0.011042
48201350202,0.047929
48201350300,0.013156
48201350400,0.005484
48201350500,0.00993
48201350601,0.020658
48201350603,0.003427
48201350604,0.004694
48201350700,0.004049
48201350801,0.009935
48201350803,0.022593
48201350804,0.003748
48201410101,0.014168
48201410102,0.050808
48201410201,0.056894
48201410202,0.028451
48201410300,0.024039
48201410401,0.184735
48201410402,0.026983
48201410501,0.088112
48201410502,0.086209
48201410601,0.036886
48201410602,0.019646
48201410703,0.011507
48201410704,0.091111
48201410705,0.019393
48201410706,0.003668
48201410801,0.044962
48201410802,0.012899
48201410900,0.173909
48201411001,0.099205
48201411002,0.037709
48201411003,0.02184
48201411100,0.035974
48201411200,0.110925
48201411301,0.069954
48201411302,0.141504
48201411400,0.011291
48201411503,0.022366
48201411504,0.05768
48201411505,0.016248
48201411506,0.067878
48201411507,0.112033
48201411600,0.018998
48201411700,0.018922
48201411801,0.026292
48201411802,0.024699
48201411901,0.112363
48201411902,0.023041
48201412000,0.044666
48201412201,0.033847
48201412202,0.009463
48201412300,0.079055
48201412400,0.01748
48201412500,0.031758
48201412600,0.041123
48201412700,0.005723
48201412800,0.023364
48201412901,0.108777
48201412902,0.019196
48201413000,0.023116
48201413100,0.025649
48201413203,0.01504
48201413204,0.112868
48201413205,0.047137
48201413206,0.043306
48201413301,0.011693
48201413302,0.004852
48201420100,0.009902
48201420200,0.009633
48201420300,0.002936
48201420400,0.024473
48201420500,0.024962
48201420600,0.057915
48201420700,0.003551
48201420800,0.003846
48201420900,0.016839
48201421000,0.073939
48201421101,0.011375
48201421103,0.004656
48201421104,0.030129
48201421203,0.105192
48201421204,0.0112
48201421205,0.024248
48201421206,0.00409
48201421301,0.001933
48201421302,0.013169
48201421401,0.027362
48201421402,0.006614
48201421403,0.021566
48201421501,0.003943
48201421502,0.005212
48201421601,0.007797
48201421602,0.066761
48201421700,0.002885
48201421801,0.028717
48201421802,0.01618
48201421900,0.016443
48201422000,0.001728
48201422100,0.096678
48201422200,0.010193
48201422302,0.0163
48201422303,0.016916
48201422304,0.026567
48201422403,0.007287
48201422404,0.012714
48201422405,0.027072
48201422406,0.003906
48201422501,0.024814
48201422502,0.00496
48201422601,0.007671
48201422602,0.002311
48201422701,0.005093
48201422702,0.004213
48201422800,0.007032
48201422900,0.015396
48201423001,0.019496
48201423002,0.025746
48201423100,0.041251
48201423201,0.0218
48201423203,0.001655
48201423204,0.025286
48201423301,0.014874
48201423303,0.006293
48201423304,0.006351
48201423401,0.01991
48201423402,0.002062
48201423500,0.037877
48201423600,0.022743
48201430101,0.017576
48201430102,0.013918
48201430200,0.01667
48201430300,0.01396
48201430400,0.005891
48201430500,0.131883
48201430600,0.001853
48201430700,0.083999
48201430800,0.060606
48201430900,0.042319
48201431001,0.00909
48201431002,0.016358
48201431101,0.045751
48201431102,0.015648
48201431203,0.015826
48201431204,0.021587
48201431205,0.00908
48201431206,0.021225
48201431302,0.013904
48201431303,0.009847
48201431304,0.086426
48201431401,0.009056
48201431403,0.096247
48201431404,0.033703
48201431503,0.049967
48201431504,0.016022
48201431505,0.050324
48201431506,0.011605
48201431600,0.013751
48201431701,0.029333
48201431702,0.039808
48201431801,0.012319
48201431803,0.005052
48201431804,0.067992
48201431901,0.020949
48201431902,0.022748
48201432003,0.018092
48201432004,0.026005
48201432005,0.142627
48201432006,0.003282
48201432101,0.053548
48201432102,0.09196
48201432200,0.013191
48201432301,0.041146
48201432302,0.028291
48201432303,0.044521
48201432401,0.003898
48201432402,0.01053
48201432501,0.015042
48201432502,0.010269
48201432600,0.005548
48201432703,0.014196
48201432704,0.008172
48201432705,0.009157
48201432706,0.003092
48201432803,0.005931
48201432804,0.024257
48201432805,0.014859
48201432806,0.083631
48201432901,0.05648
48201432903,0.024941
48201432904,0.045255
48201433003,0.03056
48201433004,0.018613
48201433005,0.062879
48201433006,0.009842
48201433007,0.003789
48201433100,0.060381
48201433201,0.073798
48201433202,0.009082
48201433300,0.004674
48201433400,0.008688
48201433503,0.052851
48201433504,0.035173
48201433505,0.021535
48201433506,0.016043
48201433507,0.037741
48201433601,0.021453
48201433602,0.004999
48201440101,0.006024
48201440102,0.041215
48201450100,0.02859
48201450200,0.036544
48201450301,0.002806
48201450302,0.030559
48201450401,0.04928
48201450402,0.066814
48201450500,0.037619
48201450600,0.008811
48201450700,0.017354
48201450801,0.021517
48201450803,0.026456
48201450804,0.090696
48201450900,0.082453
48201451003,0.022087
48201451004,0.027473
48201451005,0.011881
48201451006,0.043793
48201451100,0.016052
48201451200,0.014056
48201451301,0.005006
48201451302,0.00503
48201451401,0.005801
48201451404,0.025496
48201451405,0.018922
48201451406,0.008977
48201451407,0.012412
48201451501,0.029064
48201451502,0.189257
48201451603,0.023291
48201451604,0.071743
48201451605,0.012073
48201451606,0.035381
48201451700,0.050136
48201451800,0.010264
48201451902,0.01252
48201451903,0.066157
48201451904,0.007244
48201452001,0.006718
48201452002,0.012578
48201452101,0.019995
48201452102,0.015203
48201452103,0.012718
48201452202,0.027653
48201452203,0.061384
48201452204,0.042384
48201452300,0.052188
48201452401,0.027955
48201452402,0.00763
48201452501,0.007071
48201452502,0.034726
48201452601,0.008762
48201452602,0.003005
48201452701,0.002796
48201452702,0.00265
48201452703,0.028781
48201452801,0.045029
48201452802,0.037059
48201452900,0.050568
48201453001,0.041547
48201453002,0.014481
48201453100,0.016011
48201453201,0.011818
48201453202,0.029114
48201453300,0.012312
48201453401,0.020895
48201453403,0.006066
48201453404,0.077469
48201453405,0.003944
48201453501,0.0158
48201453502,0.003281
48201453601,0.039221
48201453603,0.055401
48201453604,0.00605
48201453701,0.006375
48201453702,0.013305
48201453800,0.034238
48201453901,0.005459
48201453902,0.026905
48201454000,0.007621
48201454100,0.004822
48201454200,0.034942
48201454302,0.003977
48201454303,0.022202
48201454304,0.010071
48201454305,0.009137
48201454400,0.094672
48201454502,0.005728
48201454503,0.01985
48201454504,0.007289
48201454505,0.056157
48201454600,0.012878
48201454700,0.149695
48201454801,0.057339
48201454802,0.004222
48201454901,0.015765
48201454902,0.006238
48201455000,0.016304
48201455102,0.011916
48201455103,0.238649
48201455104,0.049461
48201455200,0.034815
48201455300,0.049203
48201510100,0.058027
48201510201,0.041887
48201510202,0.011419
48201510301,0.050373
48201510302,0.01249
48201510400,0.016469
48201510500,0.01406
48201510601,0.066545
48201510602,0.059543
48201510701,0.007832
48201510702,0.024133
48201510801,0.101829
48201510802,0.013979
48201510803,0.081526
48201510901,0.019406
48201510902,0.067386
48201511001,0.014377
48201511003,0.032122
48201511004,0.006708
48201511100,0.014657
48201511201,0.027718
48201511202,0.010021
48201511301,0.01554
48201511302,0.131047
48201511400,0.071006
48201511501,0.015737
48201511502,0.005961
48201511600,0.012072
48201520100,0.00885
48201520200,0.031521
48201520301,0.003936
48201520302,0.006375
48201520400,0.031535
48201520501,0.012777
48201520502,0.005797
48201520601,0.003796
48201520603,0.029172
48201520604,0.007575
48201520700,0.009785
48201521000,0.093026
48201521100,0.002634
48201521201,0.024444
48201521202,0.020711
48201521300,0.006603
48201521401,0.035286
48201521402,0.015807
48201521501,0.024823
48201521502,0.041756
48201521600,0.26249
48201521701,0.043136
48201521702,0.092657
48201521800,0.008484
48201521900,0.00467
48201522001,0.023438
48201522002,0.001452
48201522101,0.003005
48201522102,0.004494
48201522201,0.005912
48201522202,0.007269
48201522301,0.054679
48201522302,0.009377
48201522401,0.006476
48201522402,0.023533
48201522500,0.01221
48201530101,0.036731
48201530102,0.016952
48201530200,0.011751
48201530300,0.005573
48201530400,0.030143
48201530501,0.052292
48201530502,0.001387
48201530600,0.017158
48201530701,0.087178
48201530702,0.018788
48201530800,0.004575
48201530900,0.009153
48201531000,0.00508
48201531100,0.008325
48201531200,0.001872
48201531300,0.004053
48201531400,0.005525
48201531500,0.014915
48201531600,0.002818
48201531700,0.065417
48201531800,0.037272
48201531900,0.013966
48201532003,0.003229
48201532004,0.013373
48201532101,0.013569
48201532102,0.043286
48201532200,0.010804
48201532301,0.0347
48201532302,0.008594
48201532400,0.034825
48201532502,0.009404
48201532503,0.029492
48201532504,0.036498
48201532600,0.016973
48201532700,0.047999
48201532800,0.009081
48201532900,0.050308
48201533000,0.000331
48201533100,0.00285
48201533200,0.002066
48201533301,0.010421
48201533302,0.030919
48201533401,0.022983
48201533402,0.004972
48201533500,0.015585
48201533600,0.016829
48201533701,0.008432
48201533702,0.014944
48201533802,0.005085
48201533803,0.354926
48201533804,0.053842
48201533902,0.026589
48201533903,0.00269
48201533904,0.061323
48201534001,0.063293
48201534002,0.007141
48201534003,0.046361
48201534101,0.038314
48201534102,0.013935
48201534201,0.053012
48201534203,0.012462
48201534204,0.03511
48201534205,0.007993
48201540101,0.017226
48201540102,0.018832
48201540200,0.065097
48201540502,0.013575
48201540503,0.149227
48201540504,0.100137
48201540601,0.023058
48201540602,0.010438
48201540700,0.082273
48201540800,0.009598
48201540901,0.009739
48201540903,0.046188
48201540904,0.137874
48201541004,0.079018
48201541005,0.010377
48201541006,0.020165
48201541007,0.013162
48201541008,0.053907
48201541009,0.029364
48201541100,0.002825
48201541203,0.016235
48201541204,0.054832
48201541205,0.029388
48201541206,0.003801
48201541207,0.051599
48201541301,0.023824
48201541302,0.012155
48201541401,0.079997
48201541402,0.02885
48201541403,0.019532
48201541404,0.012284
48201541500,0.006316
48201541603,0.02484
48201541604,0.016918
48201541701,0.07016
48201541702,0.025208
48201541703,0.140369
48201541801,0.059276
48201541802,0.077643
48201541901,0.001804
48201541902,0.021899
48201542001,0.049005
48201542002,0.007997
48201542003,0.038333
48201542004,0.025433
48201542103,0.013343
48201542104,0.020594
48201542105,0.036085
48201542106,0.003256
48201542107,0.051506
48201542108,0.044749
48201542201,0.010461
48201542202,0.039054
48201542203,0.020561
48201542302,0.005343
48201542303,0.023284
48201542304,0.009604
48201542305,0.002167
48201542401,0.063191
48201542402,0.006046
48201542500,0.0642
48201542600,0.018453
48201542700,0.0087
48201542800,0.002369
48201542901,0.009164
48201542902,0.01766
48201543004,0.027115
48201543005,0.00747
48201543006,0.023369
48201543007,0.011884
48201543008,0.039643
48201543009,0.04094
48201543010,0.046716
48201543011,0.006408
48201543100,0.068037
48201543201,0.007054
48201543202,0.071813
48201550101,0.015007
48201550102,0.024772
48201550201,0.015183
48201550202,0.006602
48201550303,0.004159
48201550304,0.043651
48201550305,0.014312
48201550306,0.025065
48201550307,0.005493
48201550308,0.002445
48201550403,0.073853
48201550404,0.446687
48201550405,0.007677
48201550406,0.019045
48201550407,0.022666
48201550500,0.002729
48201550601,0.029375
48201550602,0.029328
48201550603,0.062265
48201550700,0.055395
48201550800,0.017036
48201550901,0.005897
48201550902,0.001868
48201551000,0.42261
48201551101,0.070342
48201551102,0.051909
48201551201,0.006501
48201551202,0.164286
48201551300,0.048225
48201551400,0.122791
48201551501,0.002859
48201551502,0.02585
48201551601,0.059271
48201551602,0.016889
48201551702,0.031319
48201551703,0.052472
48201551704,0.012323
48201551705,0.071491
48201551800,0.037305
48201551901,0.009642
48201551902,0.053485
48201552002,0.01465
48201552003,0.02929
48201552004,0.085617
48201552101,0.051083
48201552102,0.018166
48201552103,0.036126
48201552200,0.02223
48201552301,0.006885
48201552303,0.021739
48201552304,0.04788
48201552401,0.028172
48201552402,0.009152
48201552501,0.067151
48201552502,0.009528
48201552602,0.063335
48201552603,0.061116
48201552604,0.064086
48201552701,0.049007
48201552702,0.008629
48201552801,0.161493
48201552802,0.067417
48201552901,0.021423
48201552902,0.01202
48201553001,0.026158
48201553002,0.007039
48201553101,0.033645
48201553102,0.003024
48201553201,0.007541
48201553202,0.046761
48201553300,0.037827
48201553401,0.004143
48201553403,0.018823
48201553404,0.026145
48201553405,0.013948
48201553500,0.186405
48201553601,0.023068
48201553602,0.00275
48201553700,0.017237
48201553801,0.004502
48201553803,0.033505
48201553804,0.014834
48201553901,0.007284
48201554001,0.020898
48201554002,0.008116
48201554103,0.005738
48201554104,0.046137
48201554201,0.064867
48201554202,0.009378
48201554301,0.014244
48201554302,0.104956
48201554404,0.09028
48201554405,0.038316
48201554406,0.002263
48201554407,0.006523
48201554408,0.077035
48201554409,0.156415
48201554410,0.045175
48201554501,0.010084
48201554502,0.006468
48201554600,0.02463
48201554701,0.042248
48201554702,0.009182
48201554803,0.008233
48201554804,0.018949
48201554805,0.004637
48201554806,0.033701
48201554807,0.080568
48201554808,0.076585
48201554809,0.017891
48201554902,0.049407
48201554904,0.090777
48201554905,0.005753
48201554906,0.009632
48201554907,0.012874
48201554908,0.03842
48201555001,0.009923
48201555002,0.022895
48201555101,0.019734
48201555102,0.054622
48201555200,0.007837
48201555301,0.024935
48201555303,0.006022
48201555304,0.010292
48201555305,0.022301
48201555401,0.008789
48201555403,0.050508
48201555404,0.015775
48201555501,0.069357
48201555503,0.035955
48201555504,0.003452
48201555505,0.017268
48201555600,0.088059
48201555701,0.057872
48201555703,0.017561
48201555704,0.007905
48201556000,0.070372
48201556100,0.057752
48201980000,0.248218
48201980100,0.271757
48201980200,0.111705
48201980300,0.094387
48201980400,0.141349
48201980700,0.070143
48207950300,0.071076
48207950400,0.038968
48209010100,0.109872
48209010200,0.090668
48209010302,0.112479
48209010305,0.083294
48209010306,0.068095
48209010307,0.096468
48209010308,0.163375
48209010309,0.105036
48209010401,0.030263
48209010402,0.011389
48209010500,0.039264
48209010601,0.00802
48209010602,0.200588
48209010603,0.066082
48209010702,0.03918
48209010703,0.187821
48209010704,0.221618
48209010806,0.057015
48209010807,0.046801
48209010809,0.231204
48209010810,0.101203
48209010811,0.052658
48209010812,0.168965
48209010813,0.004449
48209010814,0.014661
48209010815,0.290261
48209010816,0.270226
48209010817,0.26264
48209010818,0.039507
48209010905,0.036506
48209010909,0.02473
48209010911,0.016032
48209010912,0.037472
48209010913,0.026585
48209010914,0.014536
48209010915,0.005245
48209010916,0.013209
48209010917,0.059809
48209010918,0.011803
48209010919,0.005162
48209010920,0.090983
48209010921,0.019581
48209010922,0.007893
48209010923,0.019877
48209010924,0.012507
48209010925,0.039445
48213950101,0.026571
48213950102,0.016965
48213950201,0.002044
48213950202,0.091961
48213950301,0.141395
48213950302,0.227279
48213950303,0.144695
48213950400,0.261401
48213950500,0.069072
48213950601,0.193807
48213950603,0.180684
48213950604,0.31031
48213950700,0.152179
48213950801,0.25199
48213950802,0.139856
48213950902,0.066985
48213950903,0.239848
48213950904,0.10431
48213950905,0.181879
48213951000,0.12639
48213951101,0.012384
48213951102,0.054109
48213951201,0.159528
48213951202,0.218706
48213951300,0.182435
48213951401,0.065569
48213951402,0.070029
48213951403,0.004069
48215020103,0.092886
48215020104,0.091871
48215020105,0.100145
48215020106,0.047317
48215020107,0.313629
48215020108,0.003453
48215020205,0.214041
48215020206,0.08382
48215020207,0.035626
48215020208,0.187
48215020209,0.139096
48215020210,0.128522
48215020211,0.338965
48215020303,0.002706
48215020304,0.138403
48215020305,0.065637
48215020306,0.200488
48215020307,0.258994
48215020403,0.188759
48215020405,0.02717
48215020406,0.004978
48215020407,0.091115
48215020408,0.145264
48215020409,0.085743
48215020505,0.264798
48215020506,0.078687
48215020507,0.057718
48215020508,0.324637
48215020509,0.001953
48215020510,0.125079
48215020511,0.040265
48215020512,0.020149
48215020513,0.14926
48215020600,0.075105
48215020724,0.104301
48215020725,0.010571
48215020727,0.003883
48215020728,0.008184
48215020729,0.123542
48215020730,0.201971
48215020731,0.006347
48215020732,0.036941
48215020733,0.02771
48215020734,0.006514
48215020735,0.004227
48215020736,0.008101
48215020804,0.025465
48215020805,0.109228
48215020806,0.151572
48215020807,0.017086
48215020808,0.0259
48215020905,0.019982
48215020906,0.082784
48215020907,0.029689
48215020908,0.053171
48215020909,0.135166
48215020910,0.027002
48215021001,0.058153
48215021002,0.121268
48215021003,0.147931
48215021100,0.083425
48215021201,0.084321
48215021203,0.077131
48215021204,0.026325
48215021306,0.042682
48215021307,0.023212
48215021308,0.103494
48215021309,0.239098
48215021310,0.256781
48215021311,0.026746
48215021312,0.16875
48215021313,0.028141
48215021314,0.049518
48215021315,0.169728
48215021401,0.169403
48215021405,0.099515
48215021406,0.004653
48215021407,0.057168
48215021408,0.091027
48215021409,0.174107
48215021500,0.098433
48215021600,0.03211
48215021703,0.025334
48215021704,0.033788
48215021705,0.054761
48215021706,0.01836
48215021707,0.055669
48215021803,0.055594
48215021804,0.038546
48215021807,0.054461
48215021808,0.213735
48215021809,0.049892
48215021810,0.041367
48215021903,0.134177
48215021904,0.071669
48215021905,0.056808
48215021906,0.058548
48215022005,0.07588
48215022006,0.004232
48215022007,0.003552
48215022008,0.051149
48215022009,0.013346
48215022010,0.074793
48215022011,0.033913
48215022105,0.325246
48215022107,0.160344
48215022108,0.076024
48215022109,0.038823
48215022110,0.004321
48215022111,0.016882
48215022112,0.026204
48215022113,0.086399
48215022203,0.129515
48215022204,0.032227
48215022205,0.056606
48215022206,0.029223
48215022301,0.334346
48215022302,0.037109
48215022401,0.046931
48215022402,0.007332
48215022502,0.02942
48215022503,0.022602
48215022504,0.023067
48215022600,0.002277
48215022703,0.121113
48215022704,0.048024
48215022705,0.012207
48215022706,0.030316
48215022801,0.130855
48215022802,0.055397
48215022900,0.098695
48215023000,0.023863
48215023103,0.130254
48215023104,0.036504
48215023105,0.080932
48215023106,0.017253
48215023516,0.052681
48215023517,0.030375
48215023518,0.038755
48215023519,0.00109
48215023520,0.033499
48215023521,0.007121
48215023522,0.035179
48215023523,0.042806
48215023524,0.006795
48215023525,0.028979
48215023526,0.092972
48215023527,0.001765
48215023528,0.057253
48215023529,0.004881
48215023530,0.010434
48215023531,0.01294
48215023532,0.007102
48215023533,0.00535
48215023534,0.025497
48215023535,0.007893
48215023536,0.062387
48215023601,0.078126
48215023602,0.023794
48215023700,0.151312
48215023803,0.017575
48215023804,0.183247
48215023805,0.010135
48215023806,0.0868
48215023903,0.279443
48215023905,0.003403
48215023906,0.026843
48215023907,0.08235
48215023908,0.031748
48215024001,0.149522
48215024002,0.05301
48215024003,0.186977
48215024004,0.034993
48215024107,0.096353
48215024108,0.004288
48215024109,0.037862
48215024115,0.018066
48215024116,0.01376
48215024117,0.136325
48215024118,0.103532
48215024119,0.235621
48215024120,0.034916
48215024121,0.034874
48215024122,0.005608
48215024123,0.006491
48215024124,0.019485
48215024125,0.218744
48215024126,0.076514
48215024127,0.008001
48215024128,0.051956
48215024129,0.081084
48215024130,0.030586
48215024131,0.008545
48215024132,0.01225
48215024204,0.251233
48215024206,0.128149
48215024207,0.072062
48215024208,0.071581
48215024209,0.156845
48215024210,0.268509
48215024211,0.052089
48215024212,0.00429
48215024301,0.052289
48215024302,0.005585
48215024403,0.035925
48215024404,0.024414
48215024405,0.091732
48215024406,0.045959
48215024501,0.002942
48215024502,0.098899
48215024600,0.037117
48215980000,0.068035
48217960100,0.031736
48217960200,0.077313
48217960400,0.027181
48217960501,0.006305
48217960502,0.020963
48217960600,0.090292
48217960700,0.119455
48217960800,0.107451
48217960900,0.13275
48217961000,0.150823
48217961100,0.113996
48217961400,0.029445
48221160100,0.096011
48221160204,0.066123
48221160206,0.194487
48221160210,0.101567
48221160211,0.17555
48221160212,0.151217
48221160213,0.078672
48221160214,0.065217
48221160215,0.241981
48221160216,0.054438
48221160217,0.172673
48221160218,0.279411
48221160302,0.033099
48221160303,0.039868
48223950100,0.068276
48223950200,0.101306
48223950301,0.034073
48223950302,0.157038
48223950401,0.073904
48223950402,0.105043
48223950500,0.132067
48223950600,0.067357
48223950700,0.007873
48223950800,0.040542
48225950101,0.210004
48225950102,0.102246
48225950200,0.196498
48225950300,0.208128
48225950400,0.214475
48225950500,0.04197
48225950600,0.167275
48225950700,0.096249
48227950100,0.071689
48227950200,0.017374
48227950300,0.019918
48227950400,0.064911
48227950500,0.144348
48227950600,0.010736
48227950700,0.008512
48227950801,0.073664
48227950802,0.105675
48227950900,0.027938
48231960100,0.030011
48231960200,0.025476
48231960300,0.014315
48231960400,0.116907
48231960500,0.06641
48231960600,0.161259
48231960700,0.041375
48231960800,0.157985
48231960900,0.214521
48231961000,0.135724
48231961101,0.136212
48231961102,0.124085
48231961200,0.085102
48231961300,0.071598
48231961401,0.104105
48231961402,0.058714
48231961501,0.092288
48231961502,0.124742
48231961503,0.122609
48231961600,0.153905
48231961700,0.031863
48235950100,0.137933
48237950100,0.146258
48237950300,0.262157
48237950500,0.128613
48239950100,0.019037
48239950200,0.081548
48239950300,0.011832
48247950200,0.073569
48247950400,0.026035
48249950101,0.098683
48249950102,0.031884
48249950201,0.070256
48249950202,0.155146
48249950301,0.025186
48249950302,0.08828
48249950303,0.205605
48249950400,0.021982
48249950500,0.078304
48249950600,0.057655
48249950700,0.086846
48251130100,0.099662
48251130205,0.03981
48251130210,0.004403
48251130211,0.019273
48251130212,0.11631
48251130213,0.055153
48251130214,0.151295
48251130215,0.031808
48251130216,0.007326
48251130217,0.003988
48251130218,0.134941
48251130219,0.019224
48251130220,0.018215
48251130221,0.014836
48251130222,0.005857
48251130302,0.044295
48251130303,0.143695
48251130304,0.079637
48251130405,0.004433
48251130406,0.042201
48251130411,0.043027
48251130412,0.057372
48251130413,0.167949
48251130414,0.070702
48251130415,0.132363
48251130416,0.007316
48251130417,0.051808
48251130418,0.017375
48251130419,0.029969
48251130501,0.012387
48251130502,0.009859
48251130602,0.030582
48251130603,0.21016
48251130604,0.104154
48251130700,0.005189
48251130800,0.148175
48251130900,0.020946
48251131000,0.003777
48251131100,0.159924
48253020101,0.230498
48253020102,0.043727
48253020200,0.169445
48253020300,0.025702
48253020400,0.012085
48253020500,0.028573
48255970100,0.121923
48255970200,0.023014
48255970301,0.143362
48255970302,0.161014
48255970400,0.037814
48257050204,0.015164
48257050207,0.006022
48257050208,0.008573
48257050209,0.004286
48257050210,0.018413
48257050211,0.003792
48257050212,0.007401
48257050213,0.003689
48257050214,0.001691
48257050215,0.021614
48257050300,0.187755
48257050401,0.131603
48257050402,0.019248
48257050500,0.098081
48257050601,0.03056
48257050602,0.068101
48257050701,0.017994
48257050703,0.051751
48257050704,0.090481
48257050801,0.044568
48257050802,0.037748
48257051000,0.181202
48257051100,0.074841
48257051201,0.03635
48257051202,0.038919
48257051301,0.105907
48257051302,0.019914
48259970101,0.168886
48259970102,0.010089
48259970301,0.125146
48259970302,0.225173
48259970403,0.109991
48259970404,0.018479
48259970405,0.04456
48259970406,0.081076
48259970500,0.121714
48261950100,0.068952
48263950100,0.08655
48265960101,0.054021
48265960102,0.072158
48265960200,0.018271
48265960301,0.100977
48265960303,0.225518
48265960304,0.047537
48265960401,0.243513
48265960403,0.23982
48265960404,0.217175
48265960500,0.040956
48265960601,0.181042
48265960602,0.217606
48265960700,0.189789
48265960800,0.047839
48267950100,0.055151
48267950200,0.183261
48269950100,0.134769
48271950100,0.008466
48273020101,0.018392
48273020102,0.02764
48273020200,0.045677
48273020301,0.018076
48273020302,0.170088
48273020401,0.041494
48273020402,0.224952
48273020501,0.045841
48273020502,0.068513
48275950100,0.065665
48275950200,0.016819
48277000101,0.134106
48277000102,0.0782
48277000200,0.010074
48277000301,0.055639
48277000302,0.039618
48277000401,0.166192
48277000402,0.2514
48277000500,0.163703
48277000600,0.154514
48277000700,0.090294
48277000800,0.108505
48277000900,0.115283
48277001000,0.075313
48281950100,0.034406
48281950302,0.13978
48281950303,0.127405
48281950304,0.086458
48281950400,0.204417
48281950500,0.135139
48283950301,0.089445
48283950302,0.141102
48285000100,0.027507
48285000200,0.073593
48285000300,0.012752
48285000400,0.124548
48285000500,0.075044
48285000600,0.174725
48287000100,0.036786
48287000200,0.017999
48287000300,0.022109
48287000400,0.057074
48289950101,0.063484
48289950102,0.053413
48289950201,0.044214
48289950202,0.012931
48289950301,0.055554
48289950302,0.143755
48291700100,0.022634
48291700200,0.207336
48291700301,0.02801
48291700302,0.008975
48291700303,0.12301
48291700400,0.104921
48291700500,0.034167
48291700900,0.0307
48291701000,0.087479
48293970100,0.115793
48293970200,0.014886
48293970300,0.175408
48293970400,0.041358
48293970500,0.175594
48293970600,0.078295
48293970700,0.015525
48293970800,0.023264
48297950100,0.107533
48297950200,0.056809
48297950300,0.069049
48297950400,0.111779
48299970100,0.182966
48299970200,0.114365
48299970300,0.126122
48299970401,0.244965
48299970402,0.039792
48299970501,0.018365
48299970502,0.063334
48299970600,0.074328
48303000100,0.017997
48303000201,0.005126
48303000202,0.040652
48303000301,0.006845
48303000303,0.017884
48303000304,0.056687
48303000402,0.055773
48303000403,0.015505
48303000406,0.029339
48303000407,0.099608
48303000408,0.007972
48303000409,0.008219
48303000410,0.019958
48303000411,0.024596
48303000501,0.035839
48303000502,0.09774
48303000503,0.152509
48303000603,0.030059
48303000605,0.024799
48303000607,0.131463
48303000700,0.050909
48303000901,0.034065
48303000902,0.055265
48303001000,0.042267
48303001200,0.003512
48303001300,0.098426
48303001401,0.115194
48303001402,0.134064
48303001501,0.170598
48303001502,0.014771
48303001601,0.05902
48303001602,0.025177
48303001708,0.039018
48303001709,0.002848
48303001710,0.036055
48303001711,0.004863
48303001712,0.012488
48303001713,0.022829
48303001714,0.007447
48303001715,0.04406
48303001716,0.005123
48303001717,0.00368
48303001804,0.063848
48303001805,0.038882
48303001806,0.034036
48303001807,0.016316
48303001808,0.014445
48303001904,0.010511
48303001905,0.032879
48303001906,0.015205
48303001907,0.016144
48303001908,0.022315
48303002001,0.024472
48303002002,0.008462
48303002102,0.016543
48303002103,0.006863
48303002104,0.00306
48303002203,0.002848
48303002205,0.02474
48303002206,0.006391
48303002207,0.314188
48303002208,0.013486
48303002301,0.027039
48303002302,0.145618
48303002401,0.057223
48303002402,0.01816
48303002500,0.035385
48303010101,0.068055
48303010102,0.221573
48303010201,0.064261
48303010202,0.105555
48303010203,0.054553
48303010204,0.029045
48303010301,0.029213
48303010302,0.138056
48303010402,0.100941
48303010404,0.069995
48303010409,0.018457
48303010410,0.036587
48303010411,0.008921
48303010412,0.185379
48303010413,0.030791
48303010414,0.009375
48303010415,0.037289
48303010416,0.041358
48303010417,0.024131
48303010418,0.063679
48303010419,0.02775
48303010420,0.076426
48303010421,0.010558
48303010422,0.037761
48303010423,0.023789
48303010502,0.048213
48303010504,0.016866
48303010505,0.015209
48303010506,0.071936
48303010509,0.030981
48303010510,0.034032
48303010511,0.012075
48303010512,0.010458
48303010513,0.083032
48303010514,0.00518
48303010601,0.072564
48303010602,0.289548
48303010700,0.108436
48303980000,0.166685
48305950400,0.08335
48305950500,0.056976
48305950600,0.044441
48307950300,0.167627
48307950400,0.108398
48307950500,0.169891
48309000100,0.063149
48309000200,0.05977
48309000300,0.031141
48309000401,0.092053
48309000402,0.045777
48309000598,0.061682
48309000700,0.014236
48309000800,0.035261
48309000900,0.041755
48309001000,0.002259
48309001100,0.002084
48309001200,0.050775
48309001300,0.019271
48309001401,0.007321
48309001402,0.007364
48309001500,0.01215
48309001600,0.060886
48309001700,0.087774
48309001800,0.140047
48309001900,0.072157
48309002000,0.070677
48309002100,0.078575
48309002302,0.072992
48309002498,0.078527
48309002501,0.04649
48309002503,0.034054
48309002504,0.029005
48309002600,0.005319
48309002700,0.02102
48309002800,0.00802
48309002900,0.025201
48309003000,0.004281
48309003200,0.132047
48309003300,0.039556
48309003401,0.106256
48309003402,0.142956
48309003500,0.065533
48309003601,0.007609
48309003602,0.124891
48309003701,0.198363
48309003703,0.106869
48309003708,0.0212
48309003709,0.035963
48309003710,0.016523
48309003711,0.00417
48309003712,0.024796
48309003801,0.042666
48309003802,0.01261
48309003901,0.146875
48309003902,0.123793
48309004000,0.023069
48309004102,0.003684
48309004104,0.005127
48309004105,0.005859
48309004201,0.064576
48309004202,0.157517
48309004300,0.031227
48309980000,0.040727
48311950100,0.025516
48313000100,0.047832
48313000200,0.149392
48313000300,0.155398
48313000400,0.133843
48317950100,0.05354
48317950200,0.056402
48319950100,0.105713
48319950200,0.067878
48321730100,0.211576
48321730202,0.016327
48321730203,0.102535
48321730204,0.278948
48321730301,0.239411
48321730302,0.3033
48321730303,0.013049
48321730400,0.081079
48321730502,0.037118
48321730503,0.187934
48321730600,0.030347
48321730700,0.037012
48323950204,0.019635
48323950206,0.012085
48323950207,0.009549
48323950208,0.245975
48323950209,0.012916
48323950301,0.083039
48323950302,0.076973
48323950400,0.158296
48323950500,0.056289
48323950601,0.058382
48323950602,0.00856
48323950701,0.017461
48323950702,0.044305
48325000101,0.034779
48325000103,0.108339
48325000104,0.166722
48325000200,0.013302
48325000301,0.103399
48325000302,0.048945
48325000401,0.126973
48325000402,0.013987
48325000500,0.028887
48325000801,0.102827
48325000802,0.160942
48327950300,0.09445
48329010123,0.057608
48329010124,0.061179
48329010128,0.039698
48329010129,0.024057
48331950100,0.010496
48331950300,0.131749
48331950401,0.14866
48331950402,0.161172
48331950500,0.133475
48331950700,0.074827
48331950800,0.040507
48333950100,0.007696
48333950200,0.116852
48335950200,0.084314
48335950400,0.088405
48337950100,0.03424
48337950200,0.09953
48337950401,0.129654
48337950402,0.058044
48337950501,0.09238
48337950502,0.092245
48337950600,0.016816
48339690101,0.009268
48339690102,0.058111
48339690203,0.040527
48339690204,0.007651
48339690205,0.00899
48339690206,0.007594
48339690207,0.244557
48339690300,0.050103
48339690403,0.015927
48339690404,0.180127
48339690405,0.116782
48339690406,0.007057
48339690407,0.007097
48339690408,0.014242
48339690501,0.007844
48339690502,0.010498
48339690503,0.023285
48339690603,0.003049
48339690604,0.007835
48339690605,0.067371
48339690606,0.005466
48339690607,0.012513
48339690608,0.015948
48339690609,0.007948
48339690610,0.043396
48339690701,0.011359
48339690702,0.013923
48339690800,0.01926
48339690900,0.003367
48339691000,0.010787
48339691100,0.004683
48339691201,0.120746
48339691202,0.008415
48339691301,0.005347
48339691302,0.006164
48339691401,0.015504
48339691402,0.059808
48339691403,0.056064
48339691500,0.007183
48339691601,0.008504
48339691602,0.03902
48339691700,0.038806
48339691801,0.006721
48339691802,0.008503
48339691900,0.124291
48339692003,0.046644
48339692004,0.040087
48339692005,0.002756
48339692006,0.019452
48339692007,0.018846
48339692008,0.042538
48339692009,0.005141
48339692010,0.049008
48339692101,0.020507
48339692102,0.112982
48339692103,0.043748
48339692201,0.006783
48339692202,0.009938
48339692301,0.158914
48339692302,0.004069
48339692303,0.034481
48339692304,0.0029
48339692401,0.032359
48339692402,0.022866
48339692501,0.042585
48339692502,0.009916
48339692601,0.009511
48339692603,0.00744
48339692604,0.032461
48339692605,0.036255
48339692701,0.014529
48339692702,0.038777
48339692802,0.019892
48339692803,0.056268
48339692804,0.007083
48339692900,0.038937
48339693001,0.091146
48339693002,0.041307
48339693102,0.061037
48339693103,0.157703
48339693104,0.041827
48339693201,0.007771
48339693202,0.02112
48339693301,0.117263
48339693302,0.007226
48339693303,0.053199
48339693304,0.056629
48339693401,0.034416
48339693402,0.023179
48339693501,0.061971
48339693502,0.244889
48339693503,0.04606
48339693600,0.036372
48339693701,0.058112
48339693702,0.005068
48339693703,0.057983
48339693800,0.043868
48339693901,0.104824
48339693902,0.203222
48339693903,0.269414
48339693904,0.030731
48339694001,0.011013
48339694002,0.069313
48339694103,0.006298
48339694104,0.01997
48339694105,0.082859
48339694106,0.066888
48339694107,0.091887
48339694203,0.03776
48339694204,0.009055
48339694205,0.184606
48339694206,0.056462
48339694207,0.036784
48339694208,0.004927
48339694209,0.004289
48339694210,0.027297
48339694303,0.008328
48339694304,0.029981
48339694305,0.04206
48339694306,0.070805
48339694307,0.072524
48339694308,0.059208
48339694309,0.033742
48339694401,0.015536
48339694402,0.032089
48339694403,0.067647
48339694501,0.006814
48339694502,0.03465
48339694503,0.025068
48339694601,0.008646
48339694602,0.009063
48339694603,0.056142
48339694700,0.030442
48347950200,0.09089
48349970100,0.091864
48349970200,0.049586
48349970301,0.032851
48349970302,0.130598
48349970400,0.024017
48349970500,0.005182
48349970600,0.06984
48349970701,0.071463
48349970800,0.098751
48349970901,0.042447
48349970902,0.151414
48349971000,0.096779
48353950100,0.09976
48353950200,0.164118
48353950300,0.101404
48353950400,0.108525
48353950500,0.03452
48355000500,0.178223
48355000601,0.21721
48355000602,0.019884
48355000700,0.022634
48355000800,0.02152
48355000900,0.006076
48355001000,0.056625
48355001100,0.087116
48355001201,0.016206
48355001202,0.022514
48355001300,0.005519
48355001400,0.008734
48355001500,0.011326
48355001601,0.004431
48355001602,0.004772
48355001702,0.103792
48355001703,0.006415
48355001704,0.001866
48355001801,0.008524
48355001802,0.063296
48355001903,0.031711
48355001904,0.018343
48355001905,0.091841
48355001906,0.202569
48355002001,0.03607
48355002002,0.009518
48355002101,0.006088
48355002102,0.009117
48355002200,0.00396
48355002301,0.006053
48355002303,0.012319
48355002304,0.013846
48355002400,0.029094
48355002500,0.010719
48355002601,0.047668
48355002602,0.004807
48355002603,0.004529
48355002703,0.100916
48355002705,0.004088
48355002706,0.169432
48355002707,0.017274
48355002708,0.077869
48355002900,0.315228
48355003002,0.008972
48355003003,0.105386
48355003004,0.015177
48355003101,0.002198
48355003102,0.00778
48355003202,0.025403
48355003204,0.039914
48355003205,0.03417
48355003206,0.026092
48355003303,0.040291
48355003304,0.053958
48355003305,0.009332
48355003306,0.010936
48355003401,0.026516
48355003402,0.018939
48355003500,0.058607
48355003601,0.009951
48355003602,0.006383
48355003603,0.012687
48355003700,0.02616
48355005103,0.098371
48355005104,0.118107
48355005404,0.003611
48355005406,0.032672
48355005407,0.020382
48355005408,0.026835
48355005409,0.018482
48355005410,0.00971
48355005411,0.057654
48355005412,0.004787
48355005413,0.038816
48355005414,0.002633
48355005415,0.012983
48355005416,0.028582
48355005417,0.021362
48355005603,0.015814
48355005604,0.179527
48355005605,0.134822
48355005606,0.193888
48355005801,0.071254
48355005803,0.063308
48355005804,0.032775
48355005900,0.008221
48355006000,0.03457
48355006100,0.056775
48355006201,0.002362
48355006202,0.03568
48355006203,0.04693
48355006204,0.005357
48355006205,0.101503
48355006300,0.133672
48355006400,0.071298
48355980000,0.085667
48363000100,0.097479
48363000200,0.120832
48363000300,0.081068
48363000401,0.112285
48363000402,0.063458
48363000500,0.334555
48363000600,0.120729
48363000700,0.071254
48363000800,0.147667
48363000900,0.311368
48367140101,0.082907
48367140102,0.025383
48367140201,0.138696
48367140202,0.052375
48367140300,0.033887
48367140403,0.012653
48367140408,0.07533
48367140409,0.06769
48367140410,0.050149
48367140411,0.103008
48367140412,0.211984
48367140413,0.016846
48367140414,0.004655
48367140415,0.033916
48367140416,0.02714
48367140502,0.113947
48367140503,0.014311
48367140504,0.059931
48367140601,0.071923
48367140603,0.093752
48367140604,0.116542
48367140707,0.091895
48367140708,0.126946
48367140709,0.099213
48367140710,0.210736
48367140711,0.099095
48367140712,0.057012
48367140713,0.044584
48367140714,0.040404
48371950100,0.02249
48373210203,0.004214
48373210204,0.067355
48373210205,0.256221
48373210206,0.146485
48373210301,0.092321
48373210302,0.016973
48373210402,0.012786
48379950101,0.014763
48379950102,0.082909
48379950200,0.146244
48383950100,0.094523
48385950100,0.049212
48387950100,0.019754
48387950501,0.128147
48387950502,0.099543
48387950600,0.026365
48387950700,0.005896
48391950200,0.076166
48391950400,0.123027
48395960100,0.088883
48395960200,0.016225
48395960300,0.065185
48395960400,0.07717
48395960501,0.206647
48395960502,0.087954
48397040101,0.033927
48397040103,0.167047
48397040104,0.0635
48397040201,0.040389
48397040202,0.115207
48397040203,0.013104
48397040301,0.115651
48397040303,0.094374
48397040304,0.038568
48397040305,0.042525
48397040403,0.184335
48397040404,0.154119
48397040405,0.121212
48397040406,0.296677
48397040407,0.151885
48397040408,0.075438
48397040409,0.025541
48397040410,0.090999
48397040411,0.049271
48397040412,0.032405
48397040503,0.032214
48397040507,0.008883
48397040508,0.071307
48397040509,0.092208
48397040510,0.106337
48397040511,0.009714
48397040512,0.019908
48397040513,0.0531
48397040514,0.025065
48399950100,0.071582
48399950200,0.17762
48399950500,0.04063
48399950600,0.060725
48401950200,0.030043
48401950300,0.14547
48401950400,0.06229
48401950501,0.037828
48401950502,0.20476
48401951000,0.042508
48401951100,0.090288
48407200103,0.044121
48407200104,0.037414
48407200105,0.036992
48407200106,0.005655
48407200107,0.100743
48407200201,0.085326
48407200202,0.297248
48407200301,0.02152
48407200302,0.014751
48409010201,0.125262
48409010202,0.079808
48409010301,0.029445
48409010302,0.094603
48409010500,0.01856
48409010601,0.042752
48409010602,0.004222
48409010603,0.03154
48409010604,0.114326
48409010700,0.032684
48409010800,0.07185
48409010900,0.061257
48409011000,0.127115
48409011100,0.184041
48409011200,0.022927
48409011300,0.03598
48411950100,0.102097
48411950200,0.050264
48413950300,0.0123
48415950100,0.223621
48415950200,0.048172
48415950300,0.067766
48415950600,0.085607
48417950300,0.101186
48423000100,0.210833
48423000201,0.093501
48423000202,0.091773
48423000300,0.080977
48423000400,0.220412
48423000500,0.027318
48423000600,0.148079
48423000700,0.163794
48423000800,0.179444
48423000900,0.1399
48423001000,0.011722
48423001101,0.082838
48423001102,0.184897
48423001200,0.261639
48423001300,0.169898
48423001404,0.043954
48423001405,0.026767
48423001406,0.026503
48423001407,0.095753
48423001408,0.061146
48423001501,0.051986
48423001502,0.025519
48423001602,0.141066
48423001605,0.159504
48423001606,0.197483
48423001607,0.153036
48423001608,0.185932
48423001701,0.084926
48423001702,0.020007
48423001803,0.131945
48423001804,0.033686
48423001805,0.272851
48423001806,0.148144
48423001807,0.115078
48423001906,0.055345
48423001909,0.028016
48423001910,0.013791
48423001911,0.022461
48423001912,0.260231
48423001913,0.227561
48423001914,0.070766
48423001915,0.021954
48423001916,0.00822
48423001917,0.08834
48423002003,0.11164
48423002004,0.041333
48423002006,0.030393
48423002009,0.095428
48423002010,0.007156
48423002011,0.022656
48423002012,0.044014
48423002013,0.081277
48423002101,0.070842
48423002102,0.057758
48423002200,0.038034
48423980000,0.146199
48425000101,0.033897
48425000102,0.048353
48425000200,0.116111
48427950101,0.187169
48427950104,0.021256
48427950105,0.184673
48427950106,0.252766
48427950107,0.244381
48427950108,0.006377
48427950202,0.125175
48427950203,0.240582
48427950204,0.190632
48427950402,0.236738
48427950403,0.326726
48427950404,0.292402
48427950500,0.217234
48427950601,0.283967
48427950602,0.257505
48427950701,0.152776
48427950702,0.212071
48429950200,0.134467
48429950300,0.143307
48429950500,0.096198
48431950100,0.139548
48433950300,0.023609
48435950300,0.028453
48439100101,0.052481
48439100102,0.044739
48439100201,0.003371
48439100202,0.108728
48439100300,0.045483
48439100401,0.134679
48439100402,0.122668
48439100503,0.10777
48439100504,0.144888
48439100505,0.005729
48439100506,0.005046
48439100601,0.031179
48439100602,0.173057
48439100700,0.121424
48439100800,0.080862
48439100900,0.076582
48439101201,0.018839
48439101202,0.018798
48439101301,0.003768
48439101302,0.053381
48439101401,0.01422
48439101402,0.023791
48439101403,0.036077
48439101500,0.100701
48439101700,0.015553
48439102000,0.040752
48439102101,0.07157
48439102102,0.012288
48439102201,0.020199
48439102202,0.018962
48439102301,0.038221
48439102302,0.173733
48439102401,0.014902
48439102402,0.097072
48439102500,0.00212
48439102601,0.023964
48439102602,0.017604
48439102700,0.005778
48439103500,0.008496
48439103601,0.001831
48439103602,0.034556
48439103701,0.004725
48439103702,0.009359
48439103800,0.052465
48439104100,0.160267
48439104202,0.023623
48439104203,0.001709
48439104204,0.012455
48439104301,0.010897
48439104302,0.005208
48439104400,0.003406
48439104502,0.017603
48439104503,0.00617
48439104504,0.010744
48439104505,0.015103
48439104601,0.006389
48439104602,0.005263
48439104603,0.030124
48439104604,0.004522
48439104605,0.021012
48439104701,0.008626
48439104702,0.111367
48439104802,0.001595
48439104803,0.015991
48439104804,0.004215
48439104900,0.00688
48439105007,0.016409
48439105008,0.019061
48439105009,0.017196
48439105201,0.013602
48439105203,0.163149
48439105204,0.039434
48439105206,0.090902
48439105207,0.020568
48439105403,0.012857
48439105404,0.002414
48439105405,0.032997
48439105407,0.19869
48439105408,0.005479
48439105502,0.004032
48439105503,0.027764
48439105505,0.004802
48439105511,0.013205
48439105512,0.010661
48439105513,0.025224
48439105514,0.061497
48439105515,0.002246
48439105516,0.017253
48439105517,0.0334
48439105518,0.028255
48439105519,0.005887
48439105520,0.036895
48439105600,0.009908
48439105701,0.01439
48439105703,0.033705
48439105705,0.004061
48439105706,0.008545
48439105800,0.012133
48439105901,0.016175
48439105902,0.003655
48439106002,0.059728
48439106004,0.003699
48439106005,0.011376
48439106006,0.001514
48439106101,0.039984
48439106102,0.11578
48439106201,0.030599
48439106202,0.025957
48439106300,0.001194
48439106400,0.052376
48439106502,0.007067
48439106503,0.00638
48439106507,0.00558
48439106509,0.027878
48439106512,0.007013
48439106513,0.094606
48439106514,0.006583
48439106515,0.003346
48439106518,0.009578
48439106519,0.009969
48439106520,0.058668
48439106521,0.014924
48439106522,0.004449
48439106523,0.021192
48439106524,0.018962
48439106525,0.006185
48439106526,0.008518
48439106600,0.019718
48439106700,0.035645
48439110102,0.055878
48439110103,0.022269
48439110104,0.076915
48439110202,0.081586
48439110204,0.005356
48439110205,0.002985
48439110206,0.031203
48439110301,0.043147
48439110302,0.056826
48439110401,0.016544
48439110402,0.060595
48439110500,0.219492
48439110600,0.152502
48439110703,0.029531
48439110704,0.033658
48439110705,0.010107
48439110706,0.009443
48439110805,0.098996
48439110806,0.021593
48439110807,0.021279
48439110808,0.071999
48439110809,0.089565
48439110901,0.069293
48439110903,0.042701
48439110905,0.046762
48439110906,0.102976
48439110907,0.051725
48439111003,0.027973
48439111010,0.029272
48439111015,0.025919
48439111018,0.030459
48439111019,0.005758
48439111020,0.004557
48439111021,0.013753
48439111022,0.018773
48439111023,0.004069
48439111024,0.004395
48439111025,0.017415
48439111026,0.006266
48439111027,0.019943
48439111028,0.003807
48439111029,0.014845
48439111030,0.004959
48439111031,0.041582
48439111032,0.001042
48439111033,0.003069
48439111102,0.043718
48439111103,0.195647
48439111104,0.13715
48439111202,0.080021
48439111203,0.035701
48439111204,0.006825
48439111304,0.014003
48439111306,0.017277
48439111307,0.054593
48439111308,0.019084
48439111309,0.010674
48439111311,0.006082
48439111312,0.018071
48439111314,0.021935
48439111315,0.006306
48439111316,0.003743
48439111317,0.013843
48439111318,0.00659
48439111319,0.015104
48439111320,0.006471
48439111402,0.008901
48439111405,0.149133
48439111406,0.006983
48439111407,0.006662
48439111408,0.015629
48439111409,0.008072
48439111410,0.029042
48439111411,0.067526
48439111505,0.056588
48439111506,0.028956
48439111513,0.022795
48439111514,0.013476
48439111516,0.041064
48439111522,0.004892
48439111525,0.015306
48439111526,0.08247
48439111529,0.01988
48439111530,0.006994
48439111531,0.027386
48439111532,0.005842
48439111533,0.018429
48439111534,0.00465
48439111536,0.046777
48439111538,0.037579
48439111540,0.005481
48439111541,0.005175
48439111542,0.006811
48439111543,0.007202
48439111544,0.005736
48439111545,0.018076
48439111546,0.012401
48439111551,0.006838
48439111552,0.01196
48439111553,0.023874
48439111554,0.006955
48439111555,0.005521
48439111556,0.035546
48439111557,0.002432
48439111558,0.006823
48439111559,0.108322
48439111560,0.005954
48439111561,0.00434
48439111562,0.091072
48439111563,0.033084
48439111564,0.059534
48439111565,0.011934
48439111566,0.015141
48439111567,0.008244
48439111568,0.046003
48439111569,0.032312
48439111570,0.006464
48439111571,0.020995
48439111572,0.008459
48439113003,0.019266
48439113004,0.09276
48439113005,0.175127
48439113006,0.006294
48439113007,0.016154
48439113102,0.010584
48439113104,0.010343
48439113107,0.004486
48439113108,0.001786
48439113109,0.020316
48439113110,0.020537
48439113112,0.005614
48439113115,0.029916
48439113116,0.022861
48439113117,0.010883
48439113118,0.021042
48439113119,0.015016
48439113120,0.003839
48439113121,0.098718
48439113122,0.059676
48439113206,0.084725
48439113207,0.011216
48439113210,0.12892
48439113212,0.011978
48439113213,0.018923
48439113214,0.004838
48439113215,0.003039
48439113216,0.004997
48439113217,0.014652
48439113218,0.005573
48439113221,0.085371
48439113222,0.100299
48439113223,0.02799
48439113301,0.103561
48439113302,0.061579
48439113403,0.014591
48439113404,0.01152
48439113407,0.091124
48439113408,0.043887
48439113409,0.091557
48439113410,0.186779
48439113509,0.004133
48439113510,0.004106
48439113511,0.039826
48439113512,0.008075
48439113513,0.058748
48439113514,0.043441
48439113516,0.007219
48439113517,0.024863
48439113519,0.012448
48439113520,0.023365
48439113521,0.020909
48439113522,0.012076
48439113607,0.02563
48439113611,0.060834
48439113612,0.028056
48439113613,0.017508
48439113618,0.004322
48439113619,0.038695
48439113622,0.073761
48439113623,0.017628
48439113624,0.003821
48439113625,0.014474
48439113626,0.006822
48439113628,0.096862
48439113629,0.010737
48439113630,0.054901
48439113632,0.005309
48439113633,0.003738
48439113634,0.007767
48439113635,0.162392
48439113636,0.040652
48439113637,0.048178
48439113638,0.018128
48439113639,0.010603
48439113640,0.013196
48439113707,0.058157
48439113709,0.020561
48439113710,0.004281
48439113711,0.067227
48439113712,0.031181
48439113713,0.016561
48439113714,0.011143
48439113715,0.040501
48439113716,0.048991
48439113803,0.071861
48439113808,0.015342
48439113809,0.009403
48439113810,0.004577
48439113811,0.071223
48439113812,0.004279
48439113813,0.010733
48439113814,0.00993
48439113815,0.020734
48439113816,0.008492
48439113906,0.009374
48439113908,0.013969
48439113912,0.00829
48439113916,0.02181
48439113917,0.008759
48439113918,0.061523
48439113919,0.019706
48439113920,0.008263
48439113923,0.009209
48439113924,0.000694
48439113925,0.006755
48439113930,0.003594
48439113931,0.028685
48439113932,0.015398
48439113933,0.037149
48439113934,0.003174
48439113935,0.024922
48439113936,0.025539
48439113937,0.032455
48439113938,0.003255
48439113939,0.002279
48439113940,0.011928
48439113941,0.00933
48439113942,0.008111
48439113943,0.0066
48439113944,0.007568
48439113945,0.015933
48439113946,0.011907
48439113947,0.009199
48439113948,0.004922
48439113949,0.001969
48439113950,0.02101
48439113951,0.017427
48439113952,0.005214
48439113953,0.049099
48439113954,0.019754
48439113955,0.003992
48439113956,0.022501
48439113957,0.013126
48439113958,0.036893
48439114003,0.08966
48439114006,0.046233
48439114009,0.002197
48439114010,0.000977
48439114011,0.021136
48439114012,0.00651
48439114013,0.02782
48439114014,0.00422
48439114015,0.104342
48439114105,0.047895
48439114106,0.024086
48439114107,0.023001
48439114108,0.020547
48439114109,0.001743
48439114110,0.08458
48439114111,0.025621
48439114112,0.029289
48439114113,0.002667
48439114203,0.007486
48439114204,0.071434
48439114205,0.020865
48439114206,0.043718
48439114207,0.006565
48439121605,0.018738
48439121606,0.032191
48439121608,0.003734
48439121609,0.015254
48439121610,0.012419
48439121611,0.014531
48439121612,0.19993
48439121613,0.32795
48439121614,0.082818
48439121615,0.163156
48439121702,0.009331
48439121703,0.005737
48439121704,0.003718
48439121904,0.051106
48439121905,0.019399
48439121906,0.030311
48439121907,0.00709
48439121908,0.072126
48439122001,0.004223
48439122002,0.009317
48439122100,0.00349
48439122200,0.069407
48439122300,0.012167
48439122401,0.017156
48439122402,0.005538
48439122500,0.01629
48439122600,0.020589
48439122701,0.010981
48439122702,0.045905
48439122801,0.031836
48439122802,0.006329
48439122901,0.008618
48439122902,0.060587
48439123001,0.195444
48439123002,0.031761
48439123100,0.112287
48439123200,0.071106
48439123301,0.09376
48439123302,0.107818
48439123500,0.026806
48439123600,0.052475
48439123700,0.008609
48439980000,0.198388
48441010100,0.005945
48441010200,0.015326
48441010300,0.003834
48441010400,0.003302
48441010500,0.015455
48441010600,0.011084
48441010700,0.000879
48441010800,0.087675
48441010900,0.072209
48441011000,0.035066
48441011200,0.068809
48441011300,0.01766
48441011400,0.109597
48441011500,0.003837
48441011600,0.011792
48441011700,0.125029
48441011900,0.025033
48441012000,0.037556
48441012100,0.016389
48441012200,0.042001
48441012300,0.002667
48441012400,0.075655
48441012500,0.014604
48441012600,0.052829
48441012701,0.010644
48441012702,0.102254
48441012801,0.090867
48441012802,0.058664
48441012900,0.00765
48441013000,0.128175
48441013100,0.057402
48441013200,0.097955
48441013300,0.066574
48441013401,0.071637
48441013402,0.039808
48441013404,0.02195
48441013501,0.080896
48441013502,0.112096
48441013601,0.064567
48441013602,0.070001
48441980000,0.25688
48443950100,0.046989
48447950300,0.048456
48449950100,0.068563
48449950200,0.124738
48449950301,0.024417
48449950302,0.083048
48449950400,0.111801
48449950500,0.097545
48449950600,0.051163
48449950700,0.207502
48449950800,0.257331
48451000100,0.077748
48451000200,0.258313
48451000300,0.049298
48451000400,0.041737
48451000700,0.075302
48451000801,0.094215
48451000802,0.002692
48451000900,0.037698
48451001000,0.237092
48451001101,0.031728
48451001102,0.029363
48451001200,0.003822
48451001301,0.011756
48451001303,0.021824
48451001304,0.045862
48451001401,0.065693
48451001402,0.11314
48451001500,0.135169
48451001600,0.059307
48451001702,0.199001
48451001706,0.011438
48451001707,0.036566
48451001708,0.171138
48451001709,0.065615
48451001710,0.010999
48451001800,0.099546
48451980000,0.076524
48453000101,0.037618
48453000102,0.02486
48453000203,0.012573
48453000204,0.010388
48453000205,0.009424
48453000206,0.011434
48453000302,0.019861
48453000304,0.0145
48453000305,0.054362
48453000307,0.044404
48453000308,0.127089
48453000309,0.042844
48453000401,0.049945
48453000402,0.017081
48453000500,0.009016
48453000601,0.003019
48453000605,0.045325
48453000606,0.060246
48453000607,0.004592
48453000608,0.05444
48453000700,0.043906
48453000801,0.073596
48453000802,0.02342
48453000803,0.017396
48453000804,0.057749
48453000901,0.109029
48453000902,0.034688
48453001000,0.025707
48453001101,0.028228
48453001102,0.10175
48453001103,0.050832
48453001200,0.005667
48453001304,0.105029
48453001307,0.006293
48453001308,0.015011
48453001309,0.05255
48453001310,0.110725
48453001311,0.004918
48453001312,0.009661
48453001401,0.022415
48453001402,0.065898
48453001403,0.066465
48453001501,0.003906
48453001503,0.010091
48453001504,0.004563
48453001505,0.017375
48453001602,0.009752
48453001603,0.010524
48453001604,0.059781
48453001605,0.016861
48453001606,0.065371
48453001910,0.059336
48453001911,0.067252
48453001912,0.080838
48453001913,0.119894
48453001914,0.008114
48453001915,0.012875
48453001916,0.009153
48453001917,0.178866
48453001918,0.037922
48453001919,0.02005
48453001920,0.048302
48453001921,0.130359
48453001922,0.105265
48453001923,0.187917
48453002002,0.011256
48453002003,0.005605
48453002004,0.021066
48453002006,0.019617
48453002007,0.082645
48453002104,0.005389
48453002105,0.004483
48453002106,0.005524
48453002107,0.006022
48453002108,0.004327
48453002109,0.005169
48453002110,0.048685
48453002111,0.0121
48453002112,0.012046
48453002113,0.000791
48453002201,0.009492
48453002211,0.006022
48453002213,0.011393
48453002214,0.036978
48453002215,0.051047
48453002216,0.026822
48453002217,0.164189
48453002218,0.290887
48453002219,0.036757
48453002220,0.011811
48453002221,0.002239
48453002222,0.030762
48453002304,0.032767
48453002307,0.030989
48453002310,0.084563
48453002313,0.025578
48453002314,0.007437
48453002315,0.028443
48453002316,0.031517
48453002319,0.164944
48453002320,0.038077
48453002321,0.013855
48453002322,0.011926
48453002323,0.015825
48453002324,0.033779
48453002325,0.032064
48453002326,0.306933
48453002327,0.015774
48453002403,0.013681
48453002407,0.01011
48453002409,0.014567
48453002410,0.012533
48453002411,0.019301
48453002412,0.020508
48453002413,0.011918
48453002419,0.002818
48453002422,0.027255
48453002423,0.015381
48453002424,0.047038
48453002430,0.007479
48453002432,0.050792
48453002434,0.097289
48453002436,0.137234
48453002437,0.023753
48453002438,0.007161
48453002439,0.006647
48453002440,0.006185
48453002441,0.007433
48453002442,0.01709
48453002443,0.045621
48453002444,0.02305
48453002445,0.013021
48453002446,0.014075
48453002447,0.061057
48453002448,0.030834
48453002449,0.036099
48453002450,0.143473
48453002451,0.047591
48453002452,0.043345
48453002453,0.059286
48453002500,0.045541
48453030000,0.045081
48453030100,0.060842
48453030200,0.005878
48453030300,0.00777
48453030400,0.020926
48453030500,0.006974
48453030600,0.012189
48453030700,0.006108
48453030800,0.012912
48453030900,0.026544
48453031000,0.015096
48453031100,0.187566
48453031200,0.019299
48453031300,0.003961
48453031400,0.012044
48453031500,0.012322
48453031600,0.032662
48453031700,0.005534
48453031800,0.025458
48453031900,0.025539
48453032000,0.028335
48453032100,0.009023
48453032200,0.02549
48453032300,0.0536
48453032400,0.020464
48453032500,0.009727
48453032600,0.005022
48453032700,0.012248
48453032800,0.246038
48453032900,0.029713
48453033000,0.061646
48453033100,0.064033
48453033200,0.046823
48453033300,0.009712
48453033400,0.009393
48453033500,0.010179
48453033600,0.144146
48453033700,0.004897
48453033800,0.021781
48453033900,0.023915
48453034000,0.063791
48453034100,0.007638
48453034200,0.035602
48453034300,0.005452
48453034400,0.005733
48453034500,0.020986
48453034600,0.082489
48453034700,0.010327
48453034800,0.015657
48453034900,0.038952
48453035000,0.015102
48453035100,0.016609
48453035200,0.068727
48453035300,0.272975
48453035400,0.041125
48453035500,0.001447
48453035600,0.175684
48453035700,0.035624
48453035800,0.022138
48453035900,0.057305
48453036000,0.022049
48453036100,0.051351
48453036200,0.008355
48453036300,0.041178
48453036400,0.166843
48453036500,0.175714
48453036600,0.139811
48453036700,0.107597
48453036800,0.050988
48453036900,0.060955
48453037000,0.147381
48453037100,0.249357
48453037200,0.003009
48453037300,0.010976
48453037400,0.182495
48453037500,0.117712
48453037600,0.011363
48453040000,0.025245
48453040100,0.039175
48453040200,0.002718
48453040300,0.005729
48453040400,0.026796
48453040500,0.002668
48453040600,0.03817
48453040700,0.037842
48453040800,0.010775
48453040900,0.188501
48453041000,0.170533
48453041100,0.228793
48453041200,0.014624
48453041300,0.005972
48453041400,0.020839
48453041500,0.041834
48453041600,0.015069
48453041700,0.02832
48453041800,0.030273
48453041900,0.048635
48453042000,0.024358
48453042100,0.007944
48453042200,0.014882
48453042300,0.033691
48453042400,0.025162
48453042500,0.005843
48453042600,0.023048
48453042700,0.001546
48453042800,0.006476
48453042900,0.010185
48453043000,0.007964
48453043100,0.073828
48453043200,0.22888
48453043300,0.008788
48453043400,0.007448
48453043500,0.066705
48453043600,0.004071
48453043700,0.043219
48453043800,0.009943
48453043900,0.004574
48453044000,0.011664
48453044100,0.008713
48453044200,0.008194
48453044300,0.015991
48453044400,0.008138
48453044500,0.022287
48453044600,0.002148
48453044700,0.009521
48453044800,0.027102
48453044900,0.08252
48453045000,0.003906
48453045100,0.02852
48453045200,0.012695
48453045300,0.012623
48453045400,0.0464
48453045500,0.006663
48453045600,0.063686
48453045700,0.066525
48453045800,0.158937
48453045900,0.184974
48453046000,0.033568
48453046100,0.019687
48453046200,0.062988
48453046300,0.017348
48453046400,0.006104
48453046500,0.012599
48453046600,0.012506
48453046700,0.03992
48453046800,0.008849
48453046900,0.003764
48453047000,0.029381
48453980000,0.093637
48455950100,0.112718
48455950200,0.039816
48455950300,0.115875
48455950400,0.06519
48455950500,0.075963
48459950101,0.031081
48459950102,0.188541
48459950200,0.055823
48459950301,0.074559
48459950302,0.02639
48459950400,0.202111
48459950501,0.055036
48459950502,0.03299
48459950600,0.027664
48459950700,0.094875
48461950100,0.076272
48463950100,0.044734
48463950201,0.099066
48463950202,0.036024
48463950300,0.071541
48463950400,0.085557
48463950500,0.091838
48465950202,0.172516
48465950203,0.20197
48465950301,0.120648
48465950302,0.119691
48465950400,0.140916
48465950501,0.063015
48465950502,0.053021
48465950601,0.310236
48465950602,0.138024
48465950701,0.08396
48465950702,0.085938
48465950801,0.253317
48465950802,0.118774
48465980000,0.044056
48467950100,0.019413
48467950200,0.045018
48467950300,0.0697
48467950400,0.024153
48467950500,0.015699
48467950601,0.111057
48467950602,0.051678
48467950700,0.112339
48467950801,0.039313
48467950802,0.051033
48467950901,0.026681
48467950902,0.17312
48467951001,0.007586
48467951002,0.02001
48469000100,0.248096
48469000201,0.204853
48469000202,0.012316
48469000301,0.159795
48469000302,0.159608
48469000400,0.14712
48469000501,0.074398
48469000502,0.009337
48469000601,0.072177
48469000602,0.052274
48469000700,0.014009
48469000800,0.037804
48469001300,0.130237
48469001401,0.179892
48469001402,0.026302
48469001501,0.148354
48469001503,0.092832
48469001504,0.10926
48469001601,0.008996
48469001604,0.00137
48469001605,0.09806
48469001607,0.11068
48469001608,0.015387
48469001700,0.028147
48469980000,0.359438
48471790101,0.015626
48471790102,0.035796
48471790103,0.127238
48471790200,0.057356
48471790301,0.034813
48471790302,0.047718
48471790401,0.190805
48471790402,0.101184
48471790500,0.111316
48471790600,0.050991
48471790700,0.035373
48471790800,0.062585
48473680100,0.050463
48473680201,0.013767
48473680202,0.091452
48473680301,0.051546
48473680302,0.059657
48473680303,0.042839
48473680501,0.021399
48473680502,0.04381
48473680601,0.162126
48473680602,0.013953
48473980000,0.043361
48477170100,0.133662
48477170201,0.072847
48477170202,0.136011
48477170300,0.044574
48477170400,0.093124
48477170501,0.062248
48477170502,0.098818
48477170601,0.063068
48477170602,0.187986
48479000101,0.049009
48479000105,0.076635
48479000106,0.047346
48479000107,0.007322
48479000108,0.002433
48479000109,0.208267
48479000200,0.046683
48479000300,0.012701
48479000601,0.007975
48479000602,0.023275
48479000700,0.088615
48479000800,0.001021
48479000901,0.004449
48479000903,0.063117
48479000904,0.0007
48479001001,0.000977
48479001003,0.026813
48479001004,0.014619
48479001101,0.065831
48479001103,0.123877
48479001104,0.013075
48479001105,0.146545
48479001201,0.027827
48479001202,0.020508
48479001300,0.055931
48479001401,0.035971
48479001402,0.022949
48479001501,0.117143
48479001502,0.030239
48479001601,0.020391
48479001602,0.034692
48479001706,0.040066
48479001709,0.002693
48479001710,0.158427
48479001711,0.034197
48479001714,0.104847
48479001715,0.127254
48479001716,0.001772
48479001717,0.141034
48479001718,0.026604
48479001719,0.004678
48479001720,0.1251
48479001721,0.010308
48479001722,0.022063
48479001723,0.018253
48479001724,0.033529
48479001725,0.033608
48479001726,0.043374
48479001727,0.012581
48479001806,0.026254
48479001809,0.140354
48479001810,0.270076
48479001811,0.112779
48479001813,0.360805
48479001815,0.053234
48479001816,0.225766
48479001818,0.355762
48479001819,0.20304
48479001820,0.135663
48479001821,0.000795
48479001822,0.001248
48479001823,0.00145
48479001824,0.130044
48479001825,0.056653
48479001826,0.053653
48479001827,0.272733
48479001828,0.063504
48479001900,0.005837
48479980000,0.114405
48481740100,0.01059
48481740200,0.075378
48481740300,0.023969
48481740400,0.080985
48481740500,0.0207
48481740600,0.093491
48481740700,0.08586
48481740800,0.115534
48481740901,0.026018
48481740902,0.138628
48481741000,0.0372
48481741100,0.102918
48489950300,0.141532
48489950400,0.05844
48489950500,0.034607
48489950600,0.116343
48489950700,0.033254
48491020106,0.028364
48491020108,0.016098
48491020109,0.020101
48491020111,0.031033
48491020113,0.018786
48491020114,0.08443
48491020115,0.008491
48491020116,0.043627
48491020117,0.233838
48491020118,0.066843
48491020119,0.014848
48491020120,0.032096
48491020121,0.063306
48491020122,0.122471
48491020123,0.076283
48491020124,0.166144
48491020201,0.018731
48491020203,0.005767
48491020205,0.01958
48491020206,0.127668
48491020207,0.155217
48491020208,0.266129
48491020310,0.011944
48491020311,0.038418
48491020319,0.00498
48491020321,0.104707
48491020323,0.003815
48491020325,0.056275
48491020326,0.005094
48491020327,0.088368
48491020329,0.055578
48491020330,0.039478
48491020331,0.089696
48491020332,0.048323
48491020333,0.003337
48491020334,0.00498
48491020335,0.006076
48491020336,0.004112
48491020337,0.003174
48491020338,0.006429
48491020339,0.005046
48491020340,0.004996
48491020341,0.017425
48491020342,0.194032
48491020343,0.004977
48491020344,0.129104
48491020345,0.006877
48491020346,0.017016
48491020347,0.005181
48491020348,0.017546
48491020349,0.054117
48491020350,0.003746
48491020351,0.017904
48491020352,0.042027
48491020353,0.028456
48491020354,0.003548
48491020355,0.032414
48491020356,0.028087
48491020403,0.007414
48491020404,0.003163
48491020405,0.018087
48491020406,0.01097
48491020408,0.05286
48491020409,0.047864
48491020410,0.003624
48491020411,0.014974
48491020503,0.023508
48491020505,0.058919
48491020507,0.020681
48491020508,0.020679
48491020509,0.006893
48491020511,0.034473
48491020512,0.027331
48491020513,0.028761
48491020514,0.011197
48491020515,0.043457
48491020516,0.003899
48491020517,0.019824
48491020602,0.011901
48491020604,0.008831
48491020606,0.013021
48491020607,0.010306
48491020608,0.003743
48491020609,0.016927
48491020701,0.01427
48491020704,0.012031
48491020706,0.0507
48491020707,0.005154
48491020709,0.017643
48491020710,0.063741
48491020711,0.191664
48491020712,0.004944
48491020713,0.009782
48491020808,0.017134
48491020810,0.020489
48491020811,0.011505
48491020812,0.023377
48491020813,0.017028
48491020814,0.006885
48491020815,0.009277
48491020816,0.108966
48491020817,0.10915
48491020818,0.114531
48491020819,0.03745
48491020820,0.012226
48491020821,0.011557
48491020822,0.079275
48491020900,0.017073
48491021000,0.072056
48491021100,0.020064
48491021201,0.119046
48491021202,0.126448
48491021203,0.202345
48491021300,0.022832
48491021402,0.05442
48491021404,0.171882
48491021405,0.016897
48491021406,0.031829
48491021407,0.034505
48491021502,0.061211
48491021503,0.027855
48491021506,0.047363
48491021509,0.009766
48491021510,0.021226
48491021511,0.028099
48491021512,0.024652
48491021513,0.012631
48491021514,0.003953
48491021515,0.049911
48491021516,0.007016
48491021517,0.010358
48491021518,0.00211
48491021601,0.048029
48491021602,0.082224
48491021603,0.020778
48493000102,0.072019
48493000103,0.003201
48493000104,0.036303
48493000201,0.036785
48493000202,0.011636
48493000300,0.092152
48493000402,0.107676
48493000404,0.135149
48493000405,0.011222
48493000406,0.227046
48493000500,0.175682
48493000600,0.020371
48497150101,0.056956
48497150103,0.240452
48497150104,0.008678
48497150201,0.19366
48497150202,0.123308
48497150300,0.077614
48497150402,0.055199
48497150403,0.045774
48497150404,0.03193
48497150405,0.149883
48497150500,0.176057
48497150603,0.109597
48497150604,0.038786
48497150605,0.026167
48497150606,0.14609
48497150607,0.202387
48499950100,0.035427
48499950200,0.064623
48499950301,0.022459
48499950303,0.028154
48499950304,0.100338
48499950401,0.042995
48499950402,0.246148
48499950500,0.068525
48499950601,0.019812
48499950602,0.037315
48499950700,0.038309
48499950800,0.132695
48503950200,0.037006
48503950401,0.152172
48503950402,0.046744
48503950500,0.085085
48503950600,0.089081
48505950303,0.267739
48505950304,0.154294
48505950305,0.309742
48505950306,0.323464
48505950401,0.255003
48505950402,0.177399
48507950100,0.253017
48507950200,0.158523
48507950301,0.099169
48507950302,0.080148
53001950100,0.104773
53001950200,0.177921
53001950301,0.035061
53001950302,0.062035
53001950303,0.202162
53001950400,0.161011
53001950500,0.006387
53003960100,0.12545
53003960200,0.045341
53005010100,0.161525
53005010201,0.082879
53005010203,0.002452
53005010204,0.065906
53005010300,0.122218
53005010400,0.003361
53005010500,0.140408
53005010600,0.047592
53005010701,0.041404
53005010703,0.084352
53005010705,0.025975
53005010707,0.005244
53005010708,0.15448
53005010807,0.0385
53005010809,0.026421
53005010810,0.003014
53005010811,0.042136
53005010814,0.050837
53005010815,0.004758
53005010816,0.035116
53005010817,0.016007
53005010818,0.026868
53005010819,0.016175
53005010820,0.023785
53005010901,0.057854
53005010902,0.010494
53005011001,0.037363
53005011002,0.030165
53005011100,0.032115
53005011201,0.001546
53005011202,0.07173
53005011300,0.07226
53005011401,0.007161
53005011402,0.004761
53005011501,0.110765
53005011504,0.005711
53005011505,0.078938
53005011506,0.184012
53005011600,0.130679
53005011701,0.035628
53005011702,0.030741
53005011801,0.049141
53005011802,0.033459
53005011900,0.028514
53005012000,0.039329
53007960100,0.110867
53007960201,0.144201
53007960202,0.046955
53007960203,0.10424
53007960301,0.106123
53007960302,0.042484
53007960303,0.087501
53007960400,0.063631
53007960501,0.109097
53007960502,0.072511
53007960600,0.224825
53007960700,0.040245
53007960801,0.005208
53007960803,0.00543
53007960804,0.053335
53007961001,0.002441
53007961002,0.122157
53007961101,0.003467
53007961102,0.003027
53007961200,0.023763
53007961301,0.00719
53007961303,0.000755
53007961304,0.005168
53013960200,0.02253
53017950101,0.095391
53017950102,0.137187
53017950200,0.083639
53017950300,0.02416
53017950400,0.026763
53017950500,0.00842
53017950600,0.00314
53017950700,0.001895
53017950800,0.006113
53019940000,0.03343
53019970100,0.116784
53019970200,0.121238
53021020101,0.158321
53021020102,0.070097
53021020103,0.018521
53021020201,0.006104
53021020202,0.003078
53021020300,0.068811
53021020401,0.027537
53021020402,0.007789
53021020403,0.002941
53021020404,0.010342
53021020501,0.092003
53021020503,0.023006
53021020504,0.037803
53021020603,0.002899
53021020605,0.052969
53021020606,0.044834
53021020607,0.003033
53021020608,0.027153
53021020700,0.177076
53021020801,0.134722
53021020802,0.155653
53021980100,0.00848
53023970300,0.065284
53025010100,0.137534
53025010200,0.017089
53025010300,0.190118
53025010401,0.153673
53025010402,0.062754
53025010500,0.037328
53025010600,0.130134
53025010700,0.095484
53025010800,0.010662
53025010901,0.028552
53025010903,0.016078
53025010904,0.003955
53025011001,0.106999
53025011002,0.037327
53025011101,0.114203
53025011102,0.176096
53025011200,0.04306
53025011300,0.070958
53025011401,0.138278
53025011403,0.016369
53025011404,0.113164
53025011405,0.292946
53025011406,0.040502
53033031502,0.152471
53033032706,0.071028
53033032800,0.120757
53037975101,0.098969
53037975102,0.054811
53037975103,0.09382
53037975104,0.136349
53037975201,0.095291
53037975202,0.018351
53037975203,0.227069
53037975300,0.062521
53037975402,0.114537
53037975403,0.002778
53037975404,0.031286
53037975500,0.060387
53037975600,0.11689
53037975700,0.164159
53039950101,0.062943
53039950102,0.065421
53039950103,0.232001
53039950200,0.108065
53039950302,0.106491
53041972000,0.067674
53043960100,0.188398
53043960200,0.108588
53043960300,0.080433
53043960400,0.118332
53047940100,0.134877
53047940200,0.101523
53047970301,0.009128
53047970302,0.164247
53047970303,0.152121
53047970400,0.0991
53047970500,0.181241
53047970601,0.169282
53047970602,0.176097
53047970700,0.098419
53047970800,0.057243
53047970900,0.067771
53047971000,0.09745
53051970100,0.099374
53051970200,0.107785
53051970300,0.0469
53051970400,0.040456
53051970500,0.072561
53053070100,0.11853
53057951101,0.202289
53057951102,0.092577
53057951200,0.043535
53059950100,0.054308
53059950400,0.13016
53061053606,0.005452
53061053700,0.029613
53061053801,0.048616
53061053803,0.074778
53063000201,0.027099
53063000202,0.010618
53063000301,0.005136
53063000302,0.019944
53063000400,0.035704
53063000500,0.119674
53063000600,0.015375
53063000700,0.031046
53063000800,0.057662
53063000900,0.015905
53063001000,0.011354
53063001100,0.001806
53063001200,0.051107
53063001300,0.109764
53063001400,0.06722
53063001500,0.13123
53063001600,0.003278
53063001800,0.239598
53063001900,0.043778
53063002000,0.138216
53063002100,0.184922
53063002300,0.0056
53063002400,0.011459
53063002501,0.066826
53063002502,0.036326
53063002503,0.096074
53063002600,0.013468
53063002900,0.000752
53063003000,0.005192
53063003100,0.011787
53063003200,0.015408
53063003500,0.054705
53063003601,0.004315
53063003602,0.025322
53063003800,0.033117
53063003900,0.030586
53063004001,0.031922
53063004002,0.048504
53063004100,0.00656
53063004200,0.004844
53063004300,0.001432
53063004400,0.011802
53063004500,0.006232
53063004601,0.007642
53063004602,0.001525
53063004701,0.007127
53063004702,0.018745
53063004800,0.003559
53063004900,0.055501
53063005000,0.024282
53063010101,0.139443
53063010102,0.369531
53063010201,0.060221
53063010203,0.007769
53063010204,0.064653
53063010301,0.027162
53063010303,0.028977
53063010304,0.077174
53063010305,0.190764
53063010401,0.104522
53063010403,0.056185
53063010404,0.003963
53063010504,0.212619
53063010505,0.142149
53063010506,0.016334
53063010507,0.065761
53063010508,0.012654
53063010601,0.131483
53063010603,0.044638
53063010604,0.005074
53063010701,0.027547
53063010702,0.001285
53063010800,0.050726
53063010901,0.080041
53063010902,0.004243
53063011000,0.056163
53063011102,0.017121
53063011103,0.057778
53063011104,0.02776
53063011202,0.02364
53063011203,0.019864
53063011204,0.038164
53063011301,0.003184
53063011302,0.043468
53063011400,0.006058
53063011500,0.345994
53063011600,0.193977
53063011701,0.078494
53063011702,0.040002
53063011800,0.091233
53063011900,0.108834
53063012000,0.027571
53063012100,0.030745
53063012200,0.03347
53063012300,0.091571
53063012401,0.030844
53063012402,0.061089
53063012500,0.085736
53063012600,0.234864
53063012701,0.256847
53063012702,0.297433
53063012801,0.114613
53063012802,0.001667
53063012901,0.014604
53063012902,0.004893
53063013001,0.002054
53063013002,0.02452
53063013003,0.003961
53063013101,0.007661
53063013102,0.107609
53063013201,0.035534
53063013300,0.108547
53063013401,0.01859
53063013501,0.021484
53063013502,0.036265
53063013503,0.031428
53063013600,0.110342
53063013700,0.010851
53063013800,0.357104
53063013900,0.161689
53063014001,0.156786
53063014002,0.168319
53063014100,0.150759
53063014200,0.105672
53063014300,0.025161
53063014400,0.011223
53063014500,0.091602
53065941000,0.128995
53065950101,0.187888
53065950102,0.124643
53065950200,0.018242
53065950300,0.175336
53065950500,0.095597
53065950600,0.132163
53065950700,0.20562
53065950800,0.130245
53065950900,0.044891
53065951100,0.062977
53065951301,0.043349
53065951302,0.333684
53065951401,0.03644
53065951402,0.070579
53071920000,0.102146
53071920100,0.066402
53071920200,0.006952
53071920302,0.003703
53071920400,0.068844
53071920500,0.021106
53071920600,0.04888
53071920701,0.023439
53071920702,0.004993
53071920801,0.017065
53071920802,0.062337
53071920901,0.004594
53073010103,0.192209
53075000100,0.159701
53075000201,0.162742
53075000202,0.215115
53075000300,0.087066
53075000400,0.339495
53075000500,0.185359
53075000601,0.076508
53075000602,0.154681
53075000700,0.076134
53075000800,0.056746
53075000900,0.060205
53075001000,0.130389
53077000100,0.029338
53077000200,0.031896
53077000301,0.079431
53077000302,0.039679
53077000401,0.003376
53077000402,0.021337
53077000500,0.010018
53077000600,0.00293
53077000700,0.036912
53077000800,0.006376
53077000902,0.00793
53077000903,0.01001
53077000904,0.003255
53077001000,0.005355
53077001100,0.007697
53077001201,0.00312
53077001202,0.002393
53077001300,0.105105
53077001400,0.031899
53077001502,0.029887
53077001503,0.047059
53077001504,0.016993
53077001601,0.082323
53077001602,0.084527
53077001701,0.123569
53077001702,0.030369
53077001801,0.117018
53077001802,0.128117
53077001901,0.116124
53077001902,0.001465
53077002003,0.005914
53077002004,0.036866
53077002005,0.071147
53077002006,0.027392
53077002101,0.086478
53077002103,0.058069
53077002104,0.011928
53077002201,0.035594
53077002202,0.069478
53077002701,0.010764
53077002801,0.009087
53077002803,0.022054
53077002804,0.002686
53077002900,0.02474
53077003002,0.00528
53077003003,0.058985
53077003004,0.096207
53077003100,0.04301
53077003200,0.027026
53077003400,0.016931
53077940001,0.013715
53077940002,0.015431
53077940003,0.11059
53077940005,0.057877
53077940006,0.002525
53077940007,0.013243
53077940008,0.019044
